         energy      closeness
   -0.1170000E+01    0.1975217E+01    0.1856856E+01   -0.1810838E+01    0.0000000E+00
   -0.1167660E+01    0.1975217E+01    0.1854925E+01   -0.1808954E+01    0.0000000E+00
   -0.1165320E+01    0.1975217E+01    0.1852992E+01   -0.1807069E+01    0.0000000E+00
   -0.1162981E+01    0.1975217E+01    0.1851057E+01   -0.1805182E+01    0.0000000E+00
   -0.1160643E+01    0.1975217E+01    0.1849121E+01   -0.1803294E+01    0.0000000E+00
   -0.1158305E+01    0.1975217E+01    0.1847184E+01   -0.1801404E+01    0.0000000E+00
   -0.1155967E+01    0.1975216E+01    0.1845244E+01   -0.1799513E+01    0.0000000E+00
   -0.1153630E+01    0.1975216E+01    0.1843304E+01   -0.1797620E+01    0.0000000E+00
   -0.1151293E+01    0.1975216E+01    0.1841361E+01   -0.1795726E+01    0.0000000E+00
   -0.1148957E+01    0.1975216E+01    0.1839417E+01   -0.1793830E+01    0.0000000E+00
   -0.1146621E+01    0.1975216E+01    0.1837472E+01   -0.1791932E+01    0.0000000E+00
   -0.1144286E+01    0.1975216E+01    0.1835525E+01   -0.1790033E+01    0.0000000E+00
   -0.1141951E+01    0.1975216E+01    0.1833576E+01   -0.1788133E+01    0.0000000E+00
   -0.1139617E+01    0.1975216E+01    0.1831626E+01   -0.1786230E+01    0.0000000E+00
   -0.1137283E+01    0.1975216E+01    0.1829674E+01   -0.1784327E+01    0.0000000E+00
   -0.1134949E+01    0.1975215E+01    0.1827721E+01   -0.1782421E+01    0.0000000E+00
   -0.1132617E+01    0.1975215E+01    0.1825766E+01   -0.1780515E+01    0.0000000E+00
   -0.1130284E+01    0.1975215E+01    0.1823809E+01   -0.1778606E+01    0.0000000E+00
   -0.1127952E+01    0.1975215E+01    0.1821851E+01   -0.1776696E+01    0.0000000E+00
   -0.1125621E+01    0.1975215E+01    0.1819891E+01   -0.1774785E+01    0.0000000E+00
   -0.1123290E+01    0.1975215E+01    0.1817929E+01   -0.1772872E+01    0.0000000E+00
   -0.1120959E+01    0.1975215E+01    0.1815966E+01   -0.1770957E+01    0.0000000E+00
   -0.1118629E+01    0.1975215E+01    0.1814001E+01   -0.1769040E+01    0.0000000E+00
   -0.1116300E+01    0.1975215E+01    0.1812035E+01   -0.1767123E+01    0.0000000E+00
   -0.1113971E+01    0.1975214E+01    0.1810066E+01   -0.1765203E+01    0.0000000E+00
   -0.1111642E+01    0.1975214E+01    0.1808097E+01   -0.1763282E+01    0.0000000E+00
   -0.1109314E+01    0.1975214E+01    0.1806125E+01   -0.1761359E+01    0.0000000E+00
   -0.1106987E+01    0.1975214E+01    0.1804152E+01   -0.1759435E+01    0.0000000E+00
   -0.1104660E+01    0.1975214E+01    0.1802177E+01   -0.1757509E+01    0.0000000E+00
   -0.1102333E+01    0.1975214E+01    0.1800201E+01   -0.1755581E+01    0.0000000E+00
   -0.1100007E+01    0.1975214E+01    0.1798223E+01   -0.1753652E+01    0.0000000E+00
   -0.1097681E+01    0.1975214E+01    0.1796243E+01   -0.1751721E+01    0.0000000E+00
   -0.1095356E+01    0.1975214E+01    0.1794262E+01   -0.1749788E+01    0.0000000E+00
   -0.1093031E+01    0.1975213E+01    0.1792279E+01   -0.1747854E+01    0.0000000E+00
   -0.1090707E+01    0.1975213E+01    0.1790294E+01   -0.1745918E+01    0.0000000E+00
   -0.1088384E+01    0.1975213E+01    0.1788307E+01   -0.1743981E+01    0.0000000E+00
   -0.1086061E+01    0.1975213E+01    0.1786319E+01   -0.1742042E+01    0.0000000E+00
   -0.1083738E+01    0.1975213E+01    0.1784329E+01   -0.1740101E+01    0.0000000E+00
   -0.1081416E+01    0.1975213E+01    0.1782337E+01   -0.1738158E+01    0.0000000E+00
   -0.1079094E+01    0.1975213E+01    0.1780344E+01   -0.1736214E+01    0.0000000E+00
   -0.1076773E+01    0.1975213E+01    0.1778349E+01   -0.1734268E+01    0.0000000E+00
   -0.1074452E+01    0.1975213E+01    0.1776352E+01   -0.1732321E+01    0.0000000E+00
   -0.1072132E+01    0.1975212E+01    0.1774354E+01   -0.1730372E+01    0.0000000E+00
   -0.1069813E+01    0.1975212E+01    0.1772353E+01   -0.1728421E+01    0.0000000E+00
   -0.1067493E+01    0.1975212E+01    0.1770351E+01   -0.1726468E+01    0.0000000E+00
   -0.1065175E+01    0.1975212E+01    0.1768348E+01   -0.1724514E+01    0.0000000E+00
   -0.1062857E+01    0.1975212E+01    0.1766342E+01   -0.1722558E+01    0.0000000E+00
   -0.1060539E+01    0.1975212E+01    0.1764335E+01   -0.1720600E+01    0.0000000E+00
   -0.1058222E+01    0.1975212E+01    0.1762326E+01   -0.1718641E+01    0.0000000E+00
   -0.1055905E+01    0.1975212E+01    0.1760315E+01   -0.1716680E+01    0.0000000E+00
   -0.1053589E+01    0.1975211E+01    0.1758303E+01   -0.1714717E+01    0.0000000E+00
   -0.1051274E+01    0.1975211E+01    0.1756288E+01   -0.1712752E+01    0.0000000E+00
   -0.1048958E+01    0.1975211E+01    0.1754272E+01   -0.1710786E+01    0.0000000E+00
   -0.1046644E+01    0.1975211E+01    0.1752254E+01   -0.1708818E+01    0.0000000E+00
   -0.1044330E+01    0.1975211E+01    0.1750235E+01   -0.1706848E+01    0.0000000E+00
   -0.1042016E+01    0.1975211E+01    0.1748213E+01   -0.1704876E+01    0.0000000E+00
   -0.1039703E+01    0.1975211E+01    0.1746190E+01   -0.1702903E+01    0.0000000E+00
   -0.1037391E+01    0.1975211E+01    0.1744165E+01   -0.1700928E+01    0.0000000E+00
   -0.1035079E+01    0.1975211E+01    0.1742138E+01   -0.1698951E+01    0.0000000E+00
   -0.1032767E+01    0.1975210E+01    0.1740109E+01   -0.1696973E+01    0.0000000E+00
   -0.1030456E+01    0.1975210E+01    0.1738079E+01   -0.1694992E+01    0.0000000E+00
   -0.1028146E+01    0.1975210E+01    0.1736046E+01   -0.1693010E+01    0.0000000E+00
   -0.1025836E+01    0.1975210E+01    0.1734012E+01   -0.1691026E+01    0.0000000E+00
   -0.1023526E+01    0.1975210E+01    0.1731976E+01   -0.1689040E+01    0.0000000E+00
   -0.1021217E+01    0.1975210E+01    0.1729938E+01   -0.1687053E+01    0.0000000E+00
   -0.1018909E+01    0.1975210E+01    0.1727899E+01   -0.1685063E+01    0.0000000E+00
   -0.1016601E+01    0.1975210E+01    0.1725857E+01   -0.1683072E+01    0.0000000E+00
   -0.1014294E+01    0.1975209E+01    0.1723814E+01   -0.1681079E+01    0.0000000E+00
   -0.1011987E+01    0.1975209E+01    0.1721768E+01   -0.1679084E+01    0.0000000E+00
   -0.1009681E+01    0.1975209E+01    0.1719721E+01   -0.1677088E+01    0.0000000E+00
   -0.1007375E+01    0.1975209E+01    0.1717672E+01   -0.1675089E+01    0.0000000E+00
   -0.1005070E+01    0.1975209E+01    0.1715621E+01   -0.1673089E+01    0.0000000E+00
   -0.1002765E+01    0.1975209E+01    0.1713568E+01   -0.1671087E+01    0.0000000E+00
   -0.1000461E+01    0.1975209E+01    0.1711514E+01   -0.1669083E+01    0.0000000E+00
   -0.9981571E+00    0.1975209E+01    0.1709457E+01   -0.1667077E+01    0.0000000E+00
   -0.9958540E+00    0.1975208E+01    0.1707399E+01   -0.1665069E+01    0.0000000E+00
   -0.9935514E+00    0.1975208E+01    0.1705338E+01   -0.1663060E+01    0.0000000E+00
   -0.9912493E+00    0.1975208E+01    0.1703276E+01   -0.1661049E+01    0.0000000E+00
   -0.9889478E+00    0.1975208E+01    0.1701212E+01   -0.1659035E+01    0.0000000E+00
   -0.9866468E+00    0.1975208E+01    0.1699145E+01   -0.1657020E+01    0.0000000E+00
   -0.9843463E+00    0.1975208E+01    0.1697077E+01   -0.1655003E+01    0.0000000E+00
   -0.9820464E+00    0.1975208E+01    0.1695007E+01   -0.1652984E+01    0.0000000E+00
   -0.9797470E+00    0.1975208E+01    0.1692935E+01   -0.1650963E+01    0.0000000E+00
   -0.9774482E+00    0.1975207E+01    0.1690861E+01   -0.1648941E+01    0.0000000E+00
   -0.9751499E+00    0.1975207E+01    0.1688785E+01   -0.1646916E+01    0.0000000E+00
   -0.9728521E+00    0.1975207E+01    0.1686708E+01   -0.1644889E+01    0.0000000E+00
   -0.9705549E+00    0.1975207E+01    0.1684628E+01   -0.1642861E+01    0.0000000E+00
   -0.9682583E+00    0.1975207E+01    0.1682546E+01   -0.1640830E+01    0.0000000E+00
   -0.9659621E+00    0.1975207E+01    0.1680462E+01   -0.1638798E+01    0.0000000E+00
   -0.9636665E+00    0.1975207E+01    0.1678376E+01   -0.1636764E+01    0.0000000E+00
   -0.9613715E+00    0.1975207E+01    0.1676289E+01   -0.1634728E+01    0.0000000E+00
   -0.9590770E+00    0.1975206E+01    0.1674199E+01   -0.1632689E+01    0.0000000E+00
   -0.9567831E+00    0.1975206E+01    0.1672107E+01   -0.1630649E+01    0.0000000E+00
   -0.9544897E+00    0.1975206E+01    0.1670013E+01   -0.1628607E+01    0.0000000E+00
   -0.9521968E+00    0.1975206E+01    0.1667917E+01   -0.1626563E+01    0.0000000E+00
   -0.9499045E+00    0.1975206E+01    0.1665820E+01   -0.1624517E+01    0.0000000E+00
   -0.9476128E+00    0.1975206E+01    0.1663720E+01   -0.1622469E+01    0.0000000E+00
   -0.9453216E+00    0.1975206E+01    0.1661618E+01   -0.1620419E+01    0.0000000E+00
   -0.9430310E+00    0.1975205E+01    0.1659514E+01   -0.1618367E+01    0.0000000E+00
   -0.9407409E+00    0.1975205E+01    0.1657408E+01   -0.1616313E+01    0.0000000E+00
   -0.9384514E+00    0.1975205E+01    0.1655300E+01   -0.1614257E+01    0.0000000E+00
   -0.9361624E+00    0.1975205E+01    0.1653190E+01   -0.1612199E+01    0.0000000E+00
   -0.9338740E+00    0.1975205E+01    0.1651078E+01   -0.1610139E+01    0.0000000E+00
   -0.9315862E+00    0.1975205E+01    0.1648963E+01   -0.1608077E+01    0.0000000E+00
   -0.9292989E+00    0.1975205E+01    0.1646847E+01   -0.1606013E+01    0.0000000E+00
   -0.9270122E+00    0.1975205E+01    0.1644729E+01   -0.1603947E+01    0.0000000E+00
   -0.9247260E+00    0.1975204E+01    0.1642608E+01   -0.1601879E+01    0.0000000E+00
   -0.9224404E+00    0.1975204E+01    0.1640485E+01   -0.1599808E+01    0.0000000E+00
   -0.9201554E+00    0.1975204E+01    0.1638361E+01   -0.1597736E+01    0.0000000E+00
   -0.9178710E+00    0.1975204E+01    0.1636234E+01   -0.1595662E+01    0.0000000E+00
   -0.9155871E+00    0.1975204E+01    0.1634105E+01   -0.1593585E+01    0.0000000E+00
   -0.9133037E+00    0.1975204E+01    0.1631974E+01   -0.1591507E+01    0.0000000E+00
   -0.9110210E+00    0.1975204E+01    0.1629840E+01   -0.1589426E+01    0.0000000E+00
   -0.9087388E+00    0.1975204E+01    0.1627705E+01   -0.1587344E+01    0.0000000E+00
   -0.9064572E+00    0.1975203E+01    0.1625568E+01   -0.1585259E+01    0.0000000E+00
   -0.9041762E+00    0.1975203E+01    0.1623428E+01   -0.1583172E+01    0.0000000E+00
   -0.9018957E+00    0.1975203E+01    0.1621286E+01   -0.1581083E+01    0.0000000E+00
   -0.8996158E+00    0.1975203E+01    0.1619142E+01   -0.1578992E+01    0.0000000E+00
   -0.8973365E+00    0.1975203E+01    0.1616996E+01   -0.1576899E+01    0.0000000E+00
   -0.8950578E+00    0.1975203E+01    0.1614847E+01   -0.1574803E+01    0.0000000E+00
   -0.8927796E+00    0.1975203E+01    0.1612697E+01   -0.1572706E+01    0.0000000E+00
   -0.8905021E+00    0.1975202E+01    0.1610544E+01   -0.1570606E+01    0.0000000E+00
   -0.8882251E+00    0.1975202E+01    0.1608389E+01   -0.1568504E+01    0.0000000E+00
   -0.8859487E+00    0.1975202E+01    0.1606232E+01   -0.1566400E+01    0.0000000E+00
   -0.8836728E+00    0.1975202E+01    0.1604072E+01   -0.1564294E+01    0.0000000E+00
   -0.8813976E+00    0.1975202E+01    0.1601910E+01   -0.1562186E+01    0.0000000E+00
   -0.8791230E+00    0.1975202E+01    0.1599746E+01   -0.1560076E+01    0.0000000E+00
   -0.8768489E+00    0.1975202E+01    0.1597580E+01   -0.1557963E+01    0.0000000E+00
   -0.8745754E+00    0.1975201E+01    0.1595412E+01   -0.1555848E+01    0.0000000E+00
   -0.8723025E+00    0.1975201E+01    0.1593241E+01   -0.1553731E+01    0.0000000E+00
   -0.8700303E+00    0.1975201E+01    0.1591068E+01   -0.1551612E+01    0.0000000E+00
   -0.8677586E+00    0.1975201E+01    0.1588893E+01   -0.1549490E+01    0.0000000E+00
   -0.8654875E+00    0.1975201E+01    0.1586715E+01   -0.1547366E+01    0.0000000E+00
   -0.8632169E+00    0.1975201E+01    0.1584536E+01   -0.1545240E+01    0.0000000E+00
   -0.8609470E+00    0.1975201E+01    0.1582353E+01   -0.1543112E+01    0.0000000E+00
   -0.8586777E+00    0.1975200E+01    0.1580169E+01   -0.1540982E+01    0.0000000E+00
   -0.8564090E+00    0.1975200E+01    0.1577982E+01   -0.1538849E+01    0.0000000E+00
   -0.8541409E+00    0.1975200E+01    0.1575793E+01   -0.1536714E+01    0.0000000E+00
   -0.8518734E+00    0.1975200E+01    0.1573602E+01   -0.1534577E+01    0.0000000E+00
   -0.8496065E+00    0.1975200E+01    0.1571408E+01   -0.1532437E+01    0.0000000E+00
   -0.8473401E+00    0.1975200E+01    0.1569212E+01   -0.1530295E+01    0.0000000E+00
   -0.8450744E+00    0.1975200E+01    0.1567013E+01   -0.1528151E+01    0.0000000E+00
   -0.8428093E+00    0.1975199E+01    0.1564813E+01   -0.1526004E+01    0.0000000E+00
   -0.8405449E+00    0.1975199E+01    0.1562609E+01   -0.1523856E+01    0.0000000E+00
   -0.8382810E+00    0.1975199E+01    0.1560404E+01   -0.1521705E+01    0.0000000E+00
   -0.8360177E+00    0.1975199E+01    0.1558196E+01   -0.1519551E+01    0.0000000E+00
   -0.8337550E+00    0.1975199E+01    0.1555986E+01   -0.1517395E+01    0.0000000E+00
   -0.8314930E+00    0.1975199E+01    0.1553773E+01   -0.1515237E+01    0.0000000E+00
   -0.8292316E+00    0.1975199E+01    0.1551558E+01   -0.1513077E+01    0.0000000E+00
   -0.8269708E+00    0.1975198E+01    0.1549340E+01   -0.1510914E+01    0.0000000E+00
   -0.8247106E+00    0.1975198E+01    0.1547120E+01   -0.1508749E+01    0.0000000E+00
   -0.8224510E+00    0.1975198E+01    0.1544897E+01   -0.1506581E+01    0.0000000E+00
   -0.8201920E+00    0.1975198E+01    0.1542672E+01   -0.1504411E+01    0.0000000E+00
   -0.8179337E+00    0.1975198E+01    0.1540445E+01   -0.1502239E+01    0.0000000E+00
   -0.8156760E+00    0.1975198E+01    0.1538215E+01   -0.1500064E+01    0.0000000E+00
   -0.8134189E+00    0.1975198E+01    0.1535983E+01   -0.1497887E+01    0.0000000E+00
   -0.8111624E+00    0.1975197E+01    0.1533748E+01   -0.1495707E+01    0.0000000E+00
   -0.8089066E+00    0.1975197E+01    0.1531511E+01   -0.1493525E+01    0.0000000E+00
   -0.8066514E+00    0.1975197E+01    0.1529271E+01   -0.1491340E+01    0.0000000E+00
   -0.8043968E+00    0.1975197E+01    0.1527028E+01   -0.1489153E+01    0.0000000E+00
   -0.8021428E+00    0.1975197E+01    0.1524784E+01   -0.1486964E+01    0.0000000E+00
   -0.7998895E+00    0.1975197E+01    0.1522536E+01   -0.1484772E+01    0.0000000E+00
   -0.7976368E+00    0.1975197E+01    0.1520286E+01   -0.1482578E+01    0.0000000E+00
   -0.7953848E+00    0.1975196E+01    0.1518034E+01   -0.1480381E+01    0.0000000E+00
   -0.7931334E+00    0.1975196E+01    0.1515779E+01   -0.1478182E+01    0.0000000E+00
   -0.7908826E+00    0.1975196E+01    0.1513521E+01   -0.1475980E+01    0.0000000E+00
   -0.7886325E+00    0.1975196E+01    0.1511261E+01   -0.1473775E+01    0.0000000E+00
   -0.7863830E+00    0.1975196E+01    0.1508998E+01   -0.1471568E+01    0.0000000E+00
   -0.7841341E+00    0.1975196E+01    0.1506733E+01   -0.1469359E+01    0.0000000E+00
   -0.7818859E+00    0.1975195E+01    0.1504465E+01   -0.1467147E+01    0.0000000E+00
   -0.7796384E+00    0.1975195E+01    0.1502194E+01   -0.1464932E+01    0.0000000E+00
   -0.7773914E+00    0.1975195E+01    0.1499921E+01   -0.1462715E+01    0.0000000E+00
   -0.7751452E+00    0.1975195E+01    0.1497645E+01   -0.1460496E+01    0.0000000E+00
   -0.7728996E+00    0.1975195E+01    0.1495366E+01   -0.1458273E+01    0.0000000E+00
   -0.7706546E+00    0.1975195E+01    0.1493085E+01   -0.1456049E+01    0.0000000E+00
   -0.7684103E+00    0.1975195E+01    0.1490801E+01   -0.1453821E+01    0.0000000E+00
   -0.7661666E+00    0.1975194E+01    0.1488515E+01   -0.1451591E+01    0.0000000E+00
   -0.7639236E+00    0.1975194E+01    0.1486225E+01   -0.1449358E+01    0.0000000E+00
   -0.7616813E+00    0.1975194E+01    0.1483933E+01   -0.1447123E+01    0.0000000E+00
   -0.7594396E+00    0.1975194E+01    0.1481639E+01   -0.1444885E+01    0.0000000E+00
   -0.7571986E+00    0.1975194E+01    0.1479341E+01   -0.1442644E+01    0.0000000E+00
   -0.7549582E+00    0.1975194E+01    0.1477041E+01   -0.1440401E+01    0.0000000E+00
   -0.7527185E+00    0.1975193E+01    0.1474738E+01   -0.1438155E+01    0.0000000E+00
   -0.7504795E+00    0.1975193E+01    0.1472433E+01   -0.1435907E+01    0.0000000E+00
   -0.7482411E+00    0.1975193E+01    0.1470124E+01   -0.1433655E+01    0.0000000E+00
   -0.7460034E+00    0.1975193E+01    0.1467813E+01   -0.1431401E+01    0.0000000E+00
   -0.7437664E+00    0.1975193E+01    0.1465499E+01   -0.1429145E+01    0.0000000E+00
   -0.7415300E+00    0.1975193E+01    0.1463183E+01   -0.1426885E+01    0.0000000E+00
   -0.7392943E+00    0.1975193E+01    0.1460863E+01   -0.1424623E+01    0.0000000E+00
   -0.7370593E+00    0.1975192E+01    0.1458541E+01   -0.1422358E+01    0.0000000E+00
   -0.7348250E+00    0.1975192E+01    0.1456216E+01   -0.1420090E+01    0.0000000E+00
   -0.7325914E+00    0.1975192E+01    0.1453888E+01   -0.1417820E+01    0.0000000E+00
   -0.7303584E+00    0.1975192E+01    0.1451557E+01   -0.1415547E+01    0.0000000E+00
   -0.7281261E+00    0.1975192E+01    0.1449223E+01   -0.1413271E+01    0.0000000E+00
   -0.7258945E+00    0.1975192E+01    0.1446887E+01   -0.1410992E+01    0.0000000E+00
   -0.7236636E+00    0.1975191E+01    0.1444547E+01   -0.1408710E+01    0.0000000E+00
   -0.7214333E+00    0.1975191E+01    0.1442205E+01   -0.1406426E+01    0.0000000E+00
   -0.7192038E+00    0.1975191E+01    0.1439860E+01   -0.1404138E+01    0.0000000E+00
   -0.7169749E+00    0.1975191E+01    0.1437511E+01   -0.1401848E+01    0.0000000E+00
   -0.7147467E+00    0.1975191E+01    0.1435160E+01   -0.1399555E+01    0.0000000E+00
   -0.7125193E+00    0.1975191E+01    0.1432806E+01   -0.1397259E+01    0.0000000E+00
   -0.7102925E+00    0.1975190E+01    0.1430449E+01   -0.1394960E+01    0.0000000E+00
   -0.7080664E+00    0.1975190E+01    0.1428089E+01   -0.1392659E+01    0.0000000E+00
   -0.7058410E+00    0.1975190E+01    0.1425726E+01   -0.1390354E+01    0.0000000E+00
   -0.7036164E+00    0.1975190E+01    0.1423360E+01   -0.1388047E+01    0.0000000E+00
   -0.7013924E+00    0.1975190E+01    0.1420991E+01   -0.1385736E+01    0.0000000E+00
   -0.6991691E+00    0.1975190E+01    0.1418619E+01   -0.1383423E+01    0.0000000E+00
   -0.6969465E+00    0.1975189E+01    0.1416244E+01   -0.1381107E+01    0.0000000E+00
   -0.6947247E+00    0.1975189E+01    0.1413866E+01   -0.1378787E+01    0.0000000E+00
   -0.6925035E+00    0.1975189E+01    0.1411485E+01   -0.1376465E+01    0.0000000E+00
   -0.6902831E+00    0.1975189E+01    0.1409101E+01   -0.1374140E+01    0.0000000E+00
   -0.6880633E+00    0.1975189E+01    0.1406714E+01   -0.1371811E+01    0.0000000E+00
   -0.6858443E+00    0.1975189E+01    0.1404323E+01   -0.1369480E+01    0.0000000E+00
   -0.6836260E+00    0.1975188E+01    0.1401930E+01   -0.1367146E+01    0.0000000E+00
   -0.6814084E+00    0.1975188E+01    0.1399533E+01   -0.1364809E+01    0.0000000E+00
   -0.6791916E+00    0.1975188E+01    0.1397134E+01   -0.1362468E+01    0.0000000E+00
   -0.6769755E+00    0.1975188E+01    0.1394731E+01   -0.1360125E+01    0.0000000E+00
   -0.6747600E+00    0.1975188E+01    0.1392325E+01   -0.1357778E+01    0.0000000E+00
   -0.6725454E+00    0.1975188E+01    0.1389916E+01   -0.1355428E+01    0.0000000E+00
   -0.6703314E+00    0.1975187E+01    0.1387503E+01   -0.1353076E+01    0.0000000E+00
   -0.6681182E+00    0.1975187E+01    0.1385088E+01   -0.1350720E+01    0.0000000E+00
   -0.6659057E+00    0.1975187E+01    0.1382669E+01   -0.1348361E+01    0.0000000E+00
   -0.6636939E+00    0.1975187E+01    0.1380247E+01   -0.1345999E+01    0.0000000E+00
   -0.6614829E+00    0.1975187E+01    0.1377821E+01   -0.1343633E+01    0.0000000E+00
   -0.6592726E+00    0.1975187E+01    0.1375393E+01   -0.1341265E+01    0.0000000E+00
   -0.6570630E+00    0.1975186E+01    0.1372961E+01   -0.1338893E+01    0.0000000E+00
   -0.6548542E+00    0.1975186E+01    0.1370526E+01   -0.1336518E+01    0.0000000E+00
   -0.6526462E+00    0.1975186E+01    0.1368088E+01   -0.1334140E+01    0.0000000E+00
   -0.6504389E+00    0.1975186E+01    0.1365646E+01   -0.1331759E+01    0.0000000E+00
   -0.6482323E+00    0.1975186E+01    0.1363201E+01   -0.1329374E+01    0.0000000E+00
   -0.6460265E+00    0.1975186E+01    0.1360753E+01   -0.1326986E+01    0.0000000E+00
   -0.6438214E+00    0.1975185E+01    0.1358301E+01   -0.1324595E+01    0.0000000E+00
   -0.6416171E+00    0.1975185E+01    0.1355846E+01   -0.1322201E+01    0.0000000E+00
   -0.6394135E+00    0.1975185E+01    0.1353387E+01   -0.1319803E+01    0.0000000E+00
   -0.6372107E+00    0.1975185E+01    0.1350925E+01   -0.1317402E+01    0.0000000E+00
   -0.6350087E+00    0.1975185E+01    0.1348460E+01   -0.1314998E+01    0.0000000E+00
   -0.6328074E+00    0.1975185E+01    0.1345991E+01   -0.1312590E+01    0.0000000E+00
   -0.6306069E+00    0.1975184E+01    0.1343519E+01   -0.1310179E+01    0.0000000E+00
   -0.6284071E+00    0.1975184E+01    0.1341043E+01   -0.1307764E+01    0.0000000E+00
   -0.6262081E+00    0.1975184E+01    0.1338564E+01   -0.1305347E+01    0.0000000E+00
   -0.6240099E+00    0.1975184E+01    0.1336082E+01   -0.1302925E+01    0.0000000E+00
   -0.6218125E+00    0.1975184E+01    0.1333595E+01   -0.1300501E+01    0.0000000E+00
   -0.6196158E+00    0.1975184E+01    0.1331106E+01   -0.1298072E+01    0.0000000E+00
   -0.6174200E+00    0.1975183E+01    0.1328613E+01   -0.1295641E+01    0.0000000E+00
   -0.6152248E+00    0.1975183E+01    0.1326116E+01   -0.1293206E+01    0.0000000E+00
   -0.6130305E+00    0.1975183E+01    0.1323615E+01   -0.1290767E+01    0.0000000E+00
   -0.6108370E+00    0.1975183E+01    0.1321111E+01   -0.1288325E+01    0.0000000E+00
   -0.6086442E+00    0.1975183E+01    0.1318604E+01   -0.1285879E+01    0.0000000E+00
   -0.6064523E+00    0.1975182E+01    0.1316092E+01   -0.1283430E+01    0.0000000E+00
   -0.6042611E+00    0.1975182E+01    0.1313578E+01   -0.1280978E+01    0.0000000E+00
   -0.6020707E+00    0.1975182E+01    0.1311059E+01   -0.1278521E+01    0.0000000E+00
   -0.5998811E+00    0.1975182E+01    0.1308537E+01   -0.1276062E+01    0.0000000E+00
   -0.5976923E+00    0.1975182E+01    0.1306011E+01   -0.1273598E+01    0.0000000E+00
   -0.5955043E+00    0.1975182E+01    0.1303481E+01   -0.1271131E+01    0.0000000E+00
   -0.5933172E+00    0.1975181E+01    0.1300948E+01   -0.1268660E+01    0.0000000E+00
   -0.5911308E+00    0.1975181E+01    0.1298411E+01   -0.1266186E+01    0.0000000E+00
   -0.5889452E+00    0.1975181E+01    0.1295870E+01   -0.1263708E+01    0.0000000E+00
   -0.5867604E+00    0.1975181E+01    0.1293325E+01   -0.1261226E+01    0.0000000E+00
   -0.5845765E+00    0.1975181E+01    0.1290777E+01   -0.1258740E+01    0.0000000E+00
   -0.5823933E+00    0.1975181E+01    0.1288224E+01   -0.1256251E+01    0.0000000E+00
   -0.5802110E+00    0.1975180E+01    0.1285668E+01   -0.1253758E+01    0.0000000E+00
   -0.5780295E+00    0.1975180E+01    0.1283108E+01   -0.1251262E+01    0.0000000E+00
   -0.5758488E+00    0.1975180E+01    0.1280544E+01   -0.1248761E+01    0.0000000E+00
   -0.5736690E+00    0.1975180E+01    0.1277976E+01   -0.1246257E+01    0.0000000E+00
   -0.5714900E+00    0.1975180E+01    0.1275404E+01   -0.1243748E+01    0.0000000E+00
   -0.5693118E+00    0.1975179E+01    0.1272829E+01   -0.1241236E+01    0.0000000E+00
   -0.5671344E+00    0.1975179E+01    0.1270249E+01   -0.1238721E+01    0.0000000E+00
   -0.5649578E+00    0.1975179E+01    0.1267665E+01   -0.1236201E+01    0.0000000E+00
   -0.5627821E+00    0.1975179E+01    0.1265078E+01   -0.1233677E+01    0.0000000E+00
   -0.5606073E+00    0.1975179E+01    0.1262486E+01   -0.1231150E+01    0.0000000E+00
   -0.5584333E+00    0.1975179E+01    0.1259890E+01   -0.1228618E+01    0.0000000E+00
   -0.5562601E+00    0.1975178E+01    0.1257291E+01   -0.1226083E+01    0.0000000E+00
   -0.5540878E+00    0.1975178E+01    0.1254687E+01   -0.1223543E+01    0.0000000E+00
   -0.5519163E+00    0.1975178E+01    0.1252079E+01   -0.1221000E+01    0.0000000E+00
   -0.5497457E+00    0.1975178E+01    0.1249467E+01   -0.1218452E+01    0.0000000E+00
   -0.5475759E+00    0.1975178E+01    0.1246850E+01   -0.1215901E+01    0.0000000E+00
   -0.5454070E+00    0.1975178E+01    0.1244230E+01   -0.1213345E+01    0.0000000E+00
   -0.5432389E+00    0.1975177E+01    0.1241605E+01   -0.1210785E+01    0.0000000E+00
   -0.5410718E+00    0.1975177E+01    0.1238977E+01   -0.1208222E+01    0.0000000E+00
   -0.5389054E+00    0.1975177E+01    0.1236343E+01   -0.1205654E+01    0.0000000E+00
   -0.5367400E+00    0.1975177E+01    0.1233706E+01   -0.1203082E+01    0.0000000E+00
   -0.5345754E+00    0.1975177E+01    0.1231065E+01   -0.1200505E+01    0.0000000E+00
   -0.5324117E+00    0.1975176E+01    0.1228419E+01   -0.1197925E+01    0.0000000E+00
   -0.5302489E+00    0.1975176E+01    0.1225768E+01   -0.1195340E+01    0.0000000E+00
   -0.5280869E+00    0.1975176E+01    0.1223114E+01   -0.1192751E+01    0.0000000E+00
   -0.5259259E+00    0.1975176E+01    0.1220455E+01   -0.1190158E+01    0.0000000E+00
   -0.5237657E+00    0.1975176E+01    0.1217792E+01   -0.1187561E+01    0.0000000E+00
   -0.5216064E+00    0.1975176E+01    0.1215124E+01   -0.1184959E+01    0.0000000E+00
   -0.5194480E+00    0.1975175E+01    0.1212452E+01   -0.1182353E+01    0.0000000E+00
   -0.5172905E+00    0.1975175E+01    0.1209775E+01   -0.1179743E+01    0.0000000E+00
   -0.5151339E+00    0.1975175E+01    0.1207094E+01   -0.1177128E+01    0.0000000E+00
   -0.5129782E+00    0.1975175E+01    0.1204408E+01   -0.1174508E+01    0.0000000E+00
   -0.5108234E+00    0.1975175E+01    0.1201718E+01   -0.1171885E+01    0.0000000E+00
   -0.5086695E+00    0.1975174E+01    0.1199023E+01   -0.1169257E+01    0.0000000E+00
   -0.5065165E+00    0.1975174E+01    0.1196324E+01   -0.1166624E+01    0.0000000E+00
   -0.5043644E+00    0.1975174E+01    0.1193620E+01   -0.1163987E+01    0.0000000E+00
   -0.5022133E+00    0.1975174E+01    0.1190911E+01   -0.1161345E+01    0.0000000E+00
   -0.5000630E+00    0.1975174E+01    0.1188198E+01   -0.1158699E+01    0.0000000E+00
   -0.4979137E+00    0.1975174E+01    0.1185480E+01   -0.1156049E+01    0.0000000E+00
   -0.4957653E+00    0.1975173E+01    0.1182757E+01   -0.1153393E+01    0.0000000E+00
   -0.4936179E+00    0.1975173E+01    0.1180030E+01   -0.1150733E+01    0.0000000E+00
   -0.4914713E+00    0.1975173E+01    0.1177297E+01   -0.1148069E+01    0.0000000E+00
   -0.4893258E+00    0.1975173E+01    0.1174560E+01   -0.1145399E+01    0.0000000E+00
   -0.4871811E+00    0.1975173E+01    0.1171819E+01   -0.1142725E+01    0.0000000E+00
   -0.4850374E+00    0.1975172E+01    0.1169072E+01   -0.1140047E+01    0.0000000E+00
   -0.4828946E+00    0.1975172E+01    0.1166320E+01   -0.1137363E+01    0.0000000E+00
   -0.4807528E+00    0.1975172E+01    0.1163564E+01   -0.1134675E+01    0.0000000E+00
   -0.4786119E+00    0.1975172E+01    0.1160802E+01   -0.1131982E+01    0.0000000E+00
   -0.4764720E+00    0.1975172E+01    0.1158036E+01   -0.1129284E+01    0.0000000E+00
   -0.4743331E+00    0.1975172E+01    0.1155264E+01   -0.1126581E+01    0.0000000E+00
   -0.4721951E+00    0.1975171E+01    0.1152488E+01   -0.1123873E+01    0.0000000E+00
   -0.4700581E+00    0.1975171E+01    0.1149706E+01   -0.1121160E+01    0.0000000E+00
   -0.4679220E+00    0.1975171E+01    0.1146920E+01   -0.1118443E+01    0.0000000E+00
   -0.4657869E+00    0.1975171E+01    0.1144128E+01   -0.1115720E+01    0.0000000E+00
   -0.4636528E+00    0.1975171E+01    0.1141331E+01   -0.1112993E+01    0.0000000E+00
   -0.4615197E+00    0.1975170E+01    0.1138529E+01   -0.1110260E+01    0.0000000E+00
   -0.4593876E+00    0.1975170E+01    0.1135722E+01   -0.1107522E+01    0.0000000E+00
   -0.4572564E+00    0.1975170E+01    0.1132909E+01   -0.1104779E+01    0.0000000E+00
   -0.4551262E+00    0.1975170E+01    0.1130091E+01   -0.1102031E+01    0.0000000E+00
   -0.4529971E+00    0.1975170E+01    0.1127268E+01   -0.1099278E+01    0.0000000E+00
   -0.4508689E+00    0.1975170E+01    0.1124440E+01   -0.1096519E+01    0.0000000E+00
   -0.4487417E+00    0.1975169E+01    0.1121606E+01   -0.1093756E+01    0.0000000E+00
   -0.4466156E+00    0.1975169E+01    0.1118767E+01   -0.1090987E+01    0.0000000E+00
   -0.4444904E+00    0.1975169E+01    0.1115922E+01   -0.1088213E+01    0.0000000E+00
   -0.4423663E+00    0.1975169E+01    0.1113072E+01   -0.1085433E+01    0.0000000E+00
   -0.4402431E+00    0.1975169E+01    0.1110216E+01   -0.1082648E+01    0.0000000E+00
   -0.4381210E+00    0.1975169E+01    0.1107355E+01   -0.1079858E+01    0.0000000E+00
   -0.4359999E+00    0.1975168E+01    0.1104488E+01   -0.1077062E+01    0.0000000E+00
   -0.4338799E+00    0.1975168E+01    0.1101616E+01   -0.1074260E+01    0.0000000E+00
   -0.4317609E+00    0.1975168E+01    0.1098737E+01   -0.1071454E+01    0.0000000E+00
   -0.4296429E+00    0.1975168E+01    0.1095854E+01   -0.1068641E+01    0.0000000E+00
   -0.4275260E+00    0.1975168E+01    0.1092964E+01   -0.1065823E+01    0.0000000E+00
   -0.4254101E+00    0.1975168E+01    0.1090069E+01   -0.1063000E+01    0.0000000E+00
   -0.4232952E+00    0.1975167E+01    0.1087168E+01   -0.1060171E+01    0.0000000E+00
   -0.4211814E+00    0.1975167E+01    0.1084261E+01   -0.1057336E+01    0.0000000E+00
   -0.4190687E+00    0.1975167E+01    0.1081348E+01   -0.1054495E+01    0.0000000E+00
   -0.4169570E+00    0.1975167E+01    0.1078429E+01   -0.1051649E+01    0.0000000E+00
   -0.4148464E+00    0.1975167E+01    0.1075505E+01   -0.1048796E+01    0.0000000E+00
   -0.4127369E+00    0.1975167E+01    0.1072574E+01   -0.1045938E+01    0.0000000E+00
   -0.4106285E+00    0.1975166E+01    0.1069637E+01   -0.1043074E+01    0.0000000E+00
   -0.4085211E+00    0.1975166E+01    0.1066695E+01   -0.1040205E+01    0.0000000E+00
   -0.4064148E+00    0.1975166E+01    0.1063746E+01   -0.1037329E+01    0.0000000E+00
   -0.4043096E+00    0.1975166E+01    0.1060791E+01   -0.1034447E+01    0.0000000E+00
   -0.4022055E+00    0.1975166E+01    0.1057829E+01   -0.1031559E+01    0.0000000E+00
   -0.4001025E+00    0.1975166E+01    0.1054862E+01   -0.1028665E+01    0.0000000E+00
   -0.3980005E+00    0.1975165E+01    0.1051888E+01   -0.1025765E+01    0.0000000E+00
   -0.3958997E+00    0.1975165E+01    0.1048908E+01   -0.1022859E+01    0.0000000E+00
   -0.3938000E+00    0.1975165E+01    0.1045922E+01   -0.1019946E+01    0.0000000E+00
   -0.3917015E+00    0.1975165E+01    0.1042929E+01   -0.1017028E+01    0.0000000E+00
   -0.3896040E+00    0.1975165E+01    0.1039929E+01   -0.1014103E+01    0.0000000E+00
   -0.3875077E+00    0.1975165E+01    0.1036923E+01   -0.1011171E+01    0.0000000E+00
   -0.3854125E+00    0.1975165E+01    0.1033911E+01   -0.1008233E+01    0.0000000E+00
   -0.3833184E+00    0.1975164E+01    0.1030892E+01   -0.1005289E+01    0.0000000E+00
   -0.3812255E+00    0.1975164E+01    0.1027866E+01   -0.1002339E+01    0.0000000E+00
   -0.3791337E+00    0.1975164E+01    0.1024834E+01   -0.9993813E+00    0.0000000E+00
   -0.3770431E+00    0.1975164E+01    0.1021795E+01   -0.9964176E+00    0.0000000E+00
   -0.3749536E+00    0.1975164E+01    0.1018749E+01   -0.9934471E+00    0.0000000E+00
   -0.3728653E+00    0.1975164E+01    0.1015696E+01   -0.9904701E+00    0.0000000E+00
   -0.3707782E+00    0.1975164E+01    0.1012636E+01   -0.9874863E+00    0.0000000E+00
   -0.3686922E+00    0.1975163E+01    0.1009570E+01   -0.9844957E+00    0.0000000E+00
   -0.3666074E+00    0.1975163E+01    0.1006496E+01   -0.9814983E+00    0.0000000E+00
   -0.3645238E+00    0.1975163E+01    0.1003416E+01   -0.9784940E+00    0.0000000E+00
   -0.3624414E+00    0.1975163E+01    0.1000328E+01   -0.9754828E+00    0.0000000E+00
   -0.3603601E+00    0.1975163E+01    0.9972330E+00   -0.9724647E+00    0.0000000E+00
   -0.3582801E+00    0.1975163E+01    0.9941308E+00   -0.9694395E+00    0.0000000E+00
   -0.3562013E+00    0.1975163E+01    0.9910215E+00   -0.9664072E+00    0.0000000E+00
   -0.3541236E+00    0.1975163E+01    0.9879048E+00   -0.9633678E+00    0.0000000E+00
   -0.3520472E+00    0.1975163E+01    0.9847807E+00   -0.9603212E+00    0.0000000E+00
   -0.3499720E+00    0.1975162E+01    0.9816491E+00   -0.9572673E+00    0.0000000E+00
   -0.3478981E+00    0.1975162E+01    0.9785101E+00   -0.9542062E+00    0.0000000E+00
   -0.3458253E+00    0.1975162E+01    0.9753636E+00   -0.9511377E+00    0.0000000E+00
   -0.3437539E+00    0.1975162E+01    0.9722094E+00   -0.9480617E+00    0.0000000E+00
   -0.3416836E+00    0.1975162E+01    0.9690475E+00   -0.9449783E+00    0.0000000E+00
   -0.3396146E+00    0.1975162E+01    0.9658780E+00   -0.9418874E+00    0.0000000E+00
   -0.3375469E+00    0.1975162E+01    0.9627006E+00   -0.9387888E+00    0.0000000E+00
   -0.3354804E+00    0.1975162E+01    0.9595154E+00   -0.9356826E+00    0.0000000E+00
   -0.3334152E+00    0.1975162E+01    0.9563222E+00   -0.9325687E+00    0.0000000E+00
   -0.3313513E+00    0.1975162E+01    0.9531211E+00   -0.9294470E+00    0.0000000E+00
   -0.3292886E+00    0.1975161E+01    0.9499119E+00   -0.9263175E+00    0.0000000E+00
   -0.3272272E+00    0.1975161E+01    0.9466946E+00   -0.9231800E+00    0.0000000E+00
   -0.3251672E+00    0.1975161E+01    0.9434691E+00   -0.9200346E+00    0.0000000E+00
   -0.3231084E+00    0.1975161E+01    0.9402354E+00   -0.9168811E+00    0.0000000E+00
   -0.3210509E+00    0.1975161E+01    0.9369933E+00   -0.9137195E+00    0.0000000E+00
   -0.3189948E+00    0.1975161E+01    0.9337429E+00   -0.9105498E+00    0.0000000E+00
   -0.3169400E+00    0.1975161E+01    0.9304839E+00   -0.9073717E+00    0.0000000E+00
   -0.3148865E+00    0.1975161E+01    0.9272165E+00   -0.9041854E+00    0.0000000E+00
   -0.3128343E+00    0.1975161E+01    0.9239404E+00   -0.9009907E+00    0.0000000E+00
   -0.3107835E+00    0.1975161E+01    0.9206557E+00   -0.8977875E+00    0.0000000E+00
   -0.3087340E+00    0.1975161E+01    0.9173622E+00   -0.8945758E+00    0.0000000E+00
   -0.3066859E+00    0.1975161E+01    0.9140599E+00   -0.8913555E+00    0.0000000E+00
   -0.3046391E+00    0.1975161E+01    0.9107487E+00   -0.8881265E+00    0.0000000E+00
   -0.3025937E+00    0.1975161E+01    0.9074284E+00   -0.8848887E+00    0.0000000E+00
   -0.3005497E+00    0.1975161E+01    0.9040991E+00   -0.8816421E+00    0.0000000E+00
   -0.2985071E+00    0.1975161E+01    0.9007607E+00   -0.8783866E+00    0.0000000E+00
   -0.2964658E+00    0.1975161E+01    0.8974130E+00   -0.8751220E+00    0.0000000E+00
   -0.2944260E+00    0.1975161E+01    0.8940560E+00   -0.8718484E+00    0.0000000E+00
   -0.2923876E+00    0.1975161E+01    0.8906896E+00   -0.8685657E+00    0.0000000E+00
   -0.2903506E+00    0.1975161E+01    0.8873137E+00   -0.8652736E+00    0.0000000E+00
   -0.2883150E+00    0.1975161E+01    0.8839283E+00   -0.8619723E+00    0.0000000E+00
   -0.2862808E+00    0.1975161E+01    0.8805332E+00   -0.8586615E+00    0.0000000E+00
   -0.2842481E+00    0.1975161E+01    0.8771283E+00   -0.8553413E+00    0.0000000E+00
   -0.2822169E+00    0.1975161E+01    0.8737135E+00   -0.8520114E+00    0.0000000E+00
   -0.2801870E+00    0.1975161E+01    0.8702889E+00   -0.8486718E+00    0.0000000E+00
   -0.2781587E+00    0.1975161E+01    0.8668542E+00   -0.8453225E+00    0.0000000E+00
   -0.2761318E+00    0.1984054E+01    0.8160936E+00   -0.8030799E+00    0.0000000E+00
   -0.2741064E+00    0.1984059E+01    0.8128457E+00   -0.7998882E+00    0.0000000E+00
   -0.2720825E+00    0.1984065E+01    0.8095880E+00   -0.7966870E+00    0.0000000E+00
   -0.2700601E+00    0.1984070E+01    0.8063206E+00   -0.7934762E+00    0.0000000E+00
   -0.2680392E+00    0.1984076E+01    0.8030433E+00   -0.7902557E+00    0.0000000E+00
   -0.2660199E+00    0.1984082E+01    0.7997560E+00   -0.7870253E+00    0.0000000E+00
   -0.2640020E+00    0.1984088E+01    0.7964586E+00   -0.7837851E+00    0.0000000E+00
   -0.2619857E+00    0.1984094E+01    0.7931510E+00   -0.7805348E+00    0.0000000E+00
   -0.2599709E+00    0.1984100E+01    0.7898332E+00   -0.7772745E+00    0.0000000E+00
   -0.2579577E+00    0.1984106E+01    0.7865049E+00   -0.7740039E+00    0.0000000E+00
   -0.2559461E+00    0.1984112E+01    0.7831661E+00   -0.7707231E+00    0.0000000E+00
   -0.2539360E+00    0.1984118E+01    0.7798167E+00   -0.7674318E+00    0.0000000E+00
   -0.2519275E+00    0.1984124E+01    0.7764566E+00   -0.7641300E+00    0.0000000E+00
   -0.2499206E+00    0.1984131E+01    0.7730857E+00   -0.7608175E+00    0.0000000E+00
   -0.2479153E+00    0.1984137E+01    0.7697038E+00   -0.7574943E+00    0.0000000E+00
   -0.2459116E+00    0.1984144E+01    0.7663108E+00   -0.7541602E+00    0.0000000E+00
   -0.2439096E+00    0.1984151E+01    0.7629066E+00   -0.7508152E+00    0.0000000E+00
   -0.2419092E+00    0.1984158E+01    0.7594912E+00   -0.7474590E+00    0.0000000E+00
   -0.2399104E+00    0.1984165E+01    0.7560643E+00   -0.7440917E+00    0.0000000E+00
   -0.2379133E+00    0.1984172E+01    0.7526258E+00   -0.7407130E+00    0.0000000E+00
   -0.2359179E+00    0.1984179E+01    0.7491757E+00   -0.7373228E+00    0.0000000E+00
   -0.2339241E+00    0.1984186E+01    0.7457137E+00   -0.7339210E+00    0.0000000E+00
   -0.2319320E+00    0.1984193E+01    0.7422398E+00   -0.7305075E+00    0.0000000E+00
   -0.2299417E+00    0.1984201E+01    0.7387538E+00   -0.7270821E+00    0.0000000E+00
   -0.2279530E+00    0.1984208E+01    0.7352556E+00   -0.7236448E+00    0.0000000E+00
   -0.2259661E+00    0.1984216E+01    0.7317451E+00   -0.7201953E+00    0.0000000E+00
   -0.2239809E+00    0.1984224E+01    0.7282220E+00   -0.7167335E+00    0.0000000E+00
   -0.2219975E+00    0.1984232E+01    0.7246862E+00   -0.7132593E+00    0.0000000E+00
   -0.2200158E+00    0.1984240E+01    0.7211377E+00   -0.7097726E+00    0.0000000E+00
   -0.2180359E+00    0.1984248E+01    0.7175762E+00   -0.7062731E+00    0.0000000E+00
   -0.2160578E+00    0.1984257E+01    0.7140017E+00   -0.7027608E+00    0.0000000E+00
   -0.2140815E+00    0.1984265E+01    0.7104138E+00   -0.6992354E+00    0.0000000E+00
   -0.2121070E+00    0.1984274E+01    0.7068125E+00   -0.6956969E+00    0.0000000E+00
   -0.2101343E+00    0.1984282E+01    0.7031976E+00   -0.6921451E+00    0.0000000E+00
   -0.2081635E+00    0.1984291E+01    0.6995690E+00   -0.6885797E+00    0.0000000E+00
   -0.2061945E+00    0.1984300E+01    0.6959264E+00   -0.6850007E+00    0.0000000E+00
   -0.2042274E+00    0.1984310E+01    0.6922697E+00   -0.6814078E+00    0.0000000E+00
   -0.2022622E+00    0.1984319E+01    0.6885988E+00   -0.6778009E+00    0.0000000E+00
   -0.2002989E+00    0.1984329E+01    0.6849133E+00   -0.6741798E+00    0.0000000E+00
   -0.1983375E+00    0.1984338E+01    0.6812132E+00   -0.6705443E+00    0.0000000E+00
   -0.1963781E+00    0.1984348E+01    0.6774982E+00   -0.6668942E+00    0.0000000E+00
   -0.1944205E+00    0.1984358E+01    0.6737682E+00   -0.6632294E+00    0.0000000E+00
   -0.1924650E+00    0.1984369E+01    0.6700230E+00   -0.6595496E+00    0.0000000E+00
   -0.1905114E+00    0.1984379E+01    0.6662622E+00   -0.6558546E+00    0.0000000E+00
   -0.1885598E+00    0.1984390E+01    0.6624859E+00   -0.6521443E+00    0.0000000E+00
   -0.1866102E+00    0.1984401E+01    0.6586936E+00   -0.6484184E+00    0.0000000E+00
   -0.1846626E+00    0.1984412E+01    0.6548853E+00   -0.6446767E+00    0.0000000E+00
   -0.1827171E+00    0.1984423E+01    0.6510606E+00   -0.6409190E+00    0.0000000E+00
   -0.1807737E+00    0.1984435E+01    0.6472193E+00   -0.6371451E+00    0.0000000E+00
   -0.1788323E+00    0.1984446E+01    0.6433613E+00   -0.6333547E+00    0.0000000E+00
   -0.1768930E+00    0.1984458E+01    0.6394863E+00   -0.6295476E+00    0.0000000E+00
   -0.1749558E+00    0.1984471E+01    0.6355939E+00   -0.6257235E+00    0.0000000E+00
   -0.1730208E+00    0.1984483E+01    0.6316841E+00   -0.6218823E+00    0.0000000E+00
   -0.1710879E+00    0.1984496E+01    0.6277564E+00   -0.6180235E+00    0.0000000E+00
   -0.1691572E+00    0.1984509E+01    0.6238107E+00   -0.6141471E+00    0.0000000E+00
   -0.1672287E+00    0.1984522E+01    0.6198466E+00   -0.6102527E+00    0.0000000E+00
   -0.1653023E+00    0.1984536E+01    0.6158640E+00   -0.6063401E+00    0.0000000E+00
   -0.1633782E+00    0.1984550E+01    0.6118624E+00   -0.6024089E+00    0.0000000E+00
   -0.1614564E+00    0.1984564E+01    0.6078416E+00   -0.5984589E+00    0.0000000E+00
   -0.1595368E+00    0.1984578E+01    0.6038014E+00   -0.5944897E+00    0.0000000E+00
   -0.1576196E+00    0.1984593E+01    0.5997413E+00   -0.5905012E+00    0.0000000E+00
   -0.1557046E+00    0.1984608E+01    0.5956611E+00   -0.5864929E+00    0.0000000E+00
   -0.1537920E+00    0.1984624E+01    0.5915604E+00   -0.5824645E+00    0.0000000E+00
   -0.1518818E+00    0.1984640E+01    0.5874390E+00   -0.5784157E+00    0.0000000E+00
   -0.1499739E+00    0.1984656E+01    0.5832964E+00   -0.5743462E+00    0.0000000E+00
   -0.1480684E+00    0.1984673E+01    0.5791322E+00   -0.5702557E+00    0.0000000E+00
   -0.1461654E+00    0.1984690E+01    0.5749462E+00   -0.5661436E+00    0.0000000E+00
   -0.1442649E+00    0.1984707E+01    0.5707380E+00   -0.5620098E+00    0.0000000E+00
   -0.1423668E+00    0.1984725E+01    0.5665071E+00   -0.5578537E+00    0.0000000E+00
   -0.1404712E+00    0.1984744E+01    0.5622531E+00   -0.5536751E+00    0.0000000E+00
   -0.1385782E+00    0.1984762E+01    0.5579757E+00   -0.5494735E+00    0.0000000E+00
   -0.1366877E+00    0.1984782E+01    0.5536744E+00   -0.5452485E+00    0.0000000E+00
   -0.1347999E+00    0.1984802E+01    0.5493488E+00   -0.5409996E+00    0.0000000E+00
   -0.1329146E+00    0.1984822E+01    0.5449983E+00   -0.5367264E+00    0.0000000E+00
   -0.1310320E+00    0.1984843E+01    0.5406227E+00   -0.5324285E+00    0.0000000E+00
   -0.1291521E+00    0.1984865E+01    0.5362212E+00   -0.5281053E+00    0.0000000E+00
   -0.1272750E+00    0.1984887E+01    0.5317936E+00   -0.5237565E+00    0.0000000E+00
   -0.1254005E+00    0.1984910E+01    0.5273391E+00   -0.5193814E+00    0.0000000E+00
   -0.1235289E+00    0.1984933E+01    0.5228574E+00   -0.5149796E+00    0.0000000E+00
   -0.1216600E+00    0.1984957E+01    0.5183478E+00   -0.5105505E+00    0.0000000E+00
   -0.1197940E+00    0.1984982E+01    0.5138098E+00   -0.5060935E+00    0.0000000E+00
   -0.1179309E+00    0.1985008E+01    0.5092428E+00   -0.5016082E+00    0.0000000E+00
   -0.1160707E+00    0.1985034E+01    0.5046462E+00   -0.4970938E+00    0.0000000E+00
   -0.1142134E+00    0.1985062E+01    0.5000193E+00   -0.4925498E+00    0.0000000E+00
   -0.1123592E+00    0.1985090E+01    0.4953614E+00   -0.4879755E+00    0.0000000E+00
   -0.1105080E+00    0.1985119E+01    0.4906719E+00   -0.4833702E+00    0.0000000E+00
   -0.1086598E+00    0.1985149E+01    0.4859501E+00   -0.4787333E+00    0.0000000E+00
   -0.1068148E+00    0.1985180E+01    0.4811953E+00   -0.4740640E+00    0.0000000E+00
   -0.1049729E+00    0.1985212E+01    0.4764065E+00   -0.4693616E+00    0.0000000E+00
   -0.1031342E+00    0.1985246E+01    0.4715832E+00   -0.4646252E+00    0.0000000E+00
   -0.1012988E+00    0.1985280E+01    0.4667244E+00   -0.4598542E+00    0.0000000E+00
   -0.9946667E-01    0.1985316E+01    0.4618292E+00   -0.4550476E+00    0.0000000E+00
   -0.9763788E-01    0.1985353E+01    0.4568968E+00   -0.4502046E+00    0.0000000E+00
   -0.9581247E-01    0.1985391E+01    0.4519262E+00   -0.4453242E+00    0.0000000E+00
   -0.9399051E-01    0.1985431E+01    0.4469164E+00   -0.4404055E+00    0.0000000E+00
   -0.9217204E-01    0.1985473E+01    0.4418664E+00   -0.4354474E+00    0.0000000E+00
   -0.9035712E-01    0.1985516E+01    0.4367751E+00   -0.4304490E+00    0.0000000E+00
   -0.8854581E-01    0.1985561E+01    0.4316414E+00   -0.4254091E+00    0.0000000E+00
   -0.8673816E-01    0.1985608E+01    0.4264641E+00   -0.4203267E+00    0.0000000E+00
   -0.8493424E-01    0.1985657E+01    0.4212420E+00   -0.4152004E+00    0.0000000E+00
   -0.8313410E-01    0.1985709E+01    0.4159738E+00   -0.4100290E+00    0.0000000E+00
   -0.8133782E-01    0.1985762E+01    0.4106581E+00   -0.4048113E+00    0.0000000E+00
   -0.7954545E-01    0.1985818E+01    0.4052935E+00   -0.3995457E+00    0.0000000E+00
   -0.7775708E-01    0.1985877E+01    0.3998784E+00   -0.3942309E+00    0.0000000E+00
   -0.7597276E-01    0.1985939E+01    0.3944114E+00   -0.3888654E+00    0.0000000E+00
   -0.7419258E-01    0.1986003E+01    0.3888906E+00   -0.3834474E+00    0.0000000E+00
   -0.7241662E-01    0.1986071E+01    0.3833144E+00   -0.3779753E+00    0.0000000E+00
   -0.7064496E-01    0.1986143E+01    0.3776808E+00   -0.3724472E+00    0.0000000E+00
   -0.6887768E-01    0.1986218E+01    0.3719879E+00   -0.3668613E+00    0.0000000E+00
   -0.6711487E-01    0.1986298E+01    0.3662336E+00   -0.3612154E+00    0.0000000E+00
   -0.6535663E-01    0.1986382E+01    0.3604156E+00   -0.3555075E+00    0.0000000E+00
   -0.6360305E-01    0.1986471E+01    0.3545316E+00   -0.3497353E+00    0.0000000E+00
   -0.6185423E-01    0.1986566E+01    0.3485790E+00   -0.3438962E+00    0.0000000E+00
   -0.6011028E-01    0.1986667E+01    0.3425551E+00   -0.3379878E+00    0.0000000E+00
   -0.5837131E-01    0.1986774E+01    0.3364570E+00   -0.3320071E+00    0.0000000E+00
   -0.5663743E-01    0.1986889E+01    0.3302816E+00   -0.3259512E+00    0.0000000E+00
   -0.5490878E-01    0.1987011E+01    0.3240256E+00   -0.3198170E+00    0.0000000E+00
   -0.5318548E-01    0.1987143E+01    0.3176854E+00   -0.3136009E+00    0.0000000E+00
   -0.5146766E-01    0.1987284E+01    0.3112572E+00   -0.3072993E+00    0.0000000E+00
   -0.4975548E-01    0.1987437E+01    0.3047367E+00   -0.3009082E+00    0.0000000E+00
   -0.4804908E-01    0.1987602E+01    0.2981194E+00   -0.2944232E+00    0.0000000E+00
   -0.4634862E-01    0.1987780E+01    0.2914004E+00   -0.2878396E+00    0.0000000E+00
   -0.4465428E-01    0.1987975E+01    0.2845742E+00   -0.2811522E+00    0.0000000E+00
   -0.4296623E-01    0.1988188E+01    0.2776351E+00   -0.2743556E+00    0.0000000E+00
   -0.4128468E-01    0.1988421E+01    0.2705764E+00   -0.2674434E+00    0.0000000E+00
   -0.3960983E-01    0.1995950E+01    0.2576540E+00   -0.2566104E+00    0.0000000E+00
   -0.3794190E-01    0.1996257E+01    0.2507125E+00   -0.2497740E+00    0.0000000E+00
   -0.3628113E-01    0.1996595E+01    0.2436377E+00   -0.2428082E+00    0.0000000E+00
   -0.3462778E-01    0.1996971E+01    0.2364207E+00   -0.2357046E+00    0.0000000E+00
   -0.3298212E-01    0.1997390E+01    0.2290515E+00   -0.2284537E+00    0.0000000E+00
   -0.3134446E-01    0.1997861E+01    0.2215188E+00   -0.2210449E+00    0.0000000E+00
   -0.2971511E-01    0.1998393E+01    0.2138097E+00   -0.2134662E+00    0.0000000E+00
   -0.2809444E-01    0.1999000E+01    0.2059096E+00   -0.2057037E+00    0.0000000E+00
   -0.2648283E-01    0.1999699E+01    0.1978014E+00   -0.1977419E+00    0.0000000E+00
   -0.2488072E-01    0.1999488E+01    0.1894654E+00   -0.1895624E+00    0.0000000E+00
   -0.2328857E-01    0.1998532E+01    0.1808782E+00   -0.1811440E+00    0.0000000E+00
   -0.2170692E-01    0.1997393E+01    0.1720119E+00   -0.1724615E+00    0.0000000E+00
   -0.2013635E-01    0.1996010E+01    0.1628324E+00   -0.1634847E+00    0.0000000E+00
   -0.1857753E-01    0.1994300E+01    0.1532979E+00   -0.1541768E+00    0.0000000E+00
   -0.1703122E-01    0.1992131E+01    0.1433550E+00   -0.1444921E+00    0.0000000E+00
   -0.1549829E-01    0.1989295E+01    0.1329342E+00   -0.1343727E+00    0.0000000E+00
   -0.1397976E-01    0.1985439E+01    0.1219412E+00   -0.1237430E+00    0.0000000E+00
   -0.1247680E-01    0.1979916E+01    0.1102411E+00   -0.1125007E+00    0.0000000E+00
   -0.1099083E-01    0.1971408E+01    0.9762679E-01   -0.1005003E+00    0.0000000E+00
   -0.9523597E-02    0.1956784E+01    0.8373978E-01   -0.8752218E-01    0.0000000E+00
   -0.8077234E-02    0.1926377E+01    0.6781171E-01   -0.7320099E-01    0.0000000E+00
   -0.6654501E-02    0.1817952E+01    0.4648898E-01   -0.5683583E-01    0.0000000E+00
   -0.5259068E-02    0.1390027E+01    0.1431053E-01   -0.3669112E-01    0.1000000E+01
   -0.3896092E-02    0.9724338E+00   -0.1804519E+00   -0.4974377E-02    0.2000000E+01
   -0.2573396E-02    0.2975517E+00    0.5124539E-01    0.3599724E-01    0.5000000E+01
   -0.1304436E-02    0.1086258E+01    0.1097722E-01   -0.1272601E+00    0.1100000E+02
   -0.1897238E-02    0.1975164E+01   -0.1588648E-01    0.1629109E-01    0.7000000E+01
   -0.1589522E-02    0.1141287E+01    0.5544522E-02   -0.3924298E-01    0.9000000E+01
   -0.1287204E-02    0.1018467E+01    0.1428355E-02   -0.7734526E-01    0.1100000E+02
   -0.9911974E-03    0.4752286E+00   -0.7057574E-01   -0.3703613E-01    0.1300000E+02
   -0.7028253E-03    0.1543872E+01   -0.2210168E-01    0.1202048E-01    0.1600000E+02
   -0.8421384E-03    0.1157251E+01   -0.2647125E-01    0.1683376E+00    0.1400000E+02
   -0.9839937E-03    0.6745051E+00   -0.9339071E-01   -0.3039819E-01    0.1300000E+02
   -0.1128075E-02    0.4717853E+00    0.8660882E-01    0.4574805E-01    0.1200000E+02
   -0.1274138E-02    0.8962079E+00   -0.5878665E-02   -0.5663886E-01    0.1100000E+02
   -0.1200212E-02    0.9739634E+00   -0.8654552E-01   -0.2253353E-02    0.1100000E+02
   -0.1236954E-02    0.2544709E+00   -0.3123757E-01   -0.2328852E-01    0.1100000E+02
   -0.1273808E-02    0.8920647E+00   -0.6067458E-02   -0.5621387E-01    0.1100000E+02
   -0.1255327E-02    0.5300985E+00   -0.1737470E-01   -0.3697520E-01    0.1100000E+02
   -0.1236873E-02    0.2578702E+00   -0.3130859E-01   -0.2323504E-01    0.1100000E+02
   -0.1218446E-02    0.7635176E+00   -0.5124426E-01   -0.1211837E-01    0.1100000E+02
   -0.1227646E-02    0.5657099E+00   -0.4018452E-01   -0.1745174E-01    0.1100000E+02
   -0.1236852E-02    0.2587333E+00   -0.3132669E-01   -0.2322143E-01    0.1100000E+02
   -0.1246066E-02    0.1935733E+00   -0.2389114E-01   -0.2962593E-01    0.1100000E+02
   -0.1255286E-02    0.5289086E+00   -0.1740208E-01   -0.3693993E-01    0.1100000E+02
   -0.1250673E-02    0.3799403E+00   -0.2055242E-01   -0.3314588E-01    0.1100000E+02
   -0.1246061E-02    0.1933418E+00   -0.2389496E-01   -0.2962216E-01    0.1100000E+02
