 *********************************************************************
             E=    -0.500 theoretical n=     1.000
 *********************************************************************
              r   wave func(r)
      0.100E-07      0.000E+00      0.557E-01
      0.125E-01      0.691E-03      0.545E-01
      0.250E-01      0.136E-02      0.532E-01
      0.375E-01      0.202E-02      0.518E-01
      0.501E-01      0.266E-02      0.505E-01
      0.626E-01      0.329E-02      0.492E-01
      0.751E-01      0.389E-02      0.480E-01
      0.876E-01      0.449E-02      0.467E-01
      0.100E+00      0.506E-02      0.455E-01
      0.113E+00      0.563E-02      0.443E-01
      0.125E+00      0.617E-02      0.432E-01
      0.138E+00      0.671E-02      0.420E-01
      0.150E+00      0.722E-02      0.409E-01
      0.163E+00      0.773E-02      0.398E-01
      0.175E+00      0.822E-02      0.387E-01
      0.188E+00      0.870E-02      0.376E-01
      0.200E+00      0.916E-02      0.366E-01
      0.213E+00      0.961E-02      0.356E-01
      0.225E+00      0.101E-01      0.346E-01
      0.238E+00      0.105E-01      0.336E-01
      0.250E+00      0.109E-01      0.326E-01
      0.263E+00      0.113E-01      0.317E-01
      0.275E+00      0.117E-01      0.308E-01
      0.288E+00      0.121E-01      0.299E-01
      0.300E+00      0.124E-01      0.290E-01
      0.313E+00      0.128E-01      0.281E-01
      0.325E+00      0.131E-01      0.272E-01
      0.338E+00      0.135E-01      0.264E-01
      0.350E+00      0.138E-01      0.256E-01
      0.363E+00      0.141E-01      0.248E-01
      0.375E+00      0.144E-01      0.240E-01
      0.388E+00      0.147E-01      0.232E-01
      0.400E+00      0.150E-01      0.225E-01
      0.413E+00      0.153E-01      0.217E-01
      0.425E+00      0.155E-01      0.210E-01
      0.438E+00      0.158E-01      0.203E-01
      0.451E+00      0.161E-01      0.196E-01
      0.463E+00      0.163E-01      0.189E-01
      0.476E+00      0.165E-01      0.182E-01
      0.488E+00      0.167E-01      0.176E-01
      0.501E+00      0.170E-01      0.169E-01
      0.513E+00      0.172E-01      0.163E-01
      0.526E+00      0.174E-01      0.157E-01
      0.538E+00      0.176E-01      0.151E-01
      0.551E+00      0.177E-01      0.145E-01
      0.563E+00      0.179E-01      0.139E-01
      0.576E+00      0.181E-01      0.133E-01
      0.588E+00      0.183E-01      0.128E-01
      0.601E+00      0.184E-01      0.122E-01
      0.613E+00      0.186E-01      0.117E-01
      0.626E+00      0.187E-01      0.112E-01
      0.638E+00      0.188E-01      0.107E-01
      0.651E+00      0.190E-01      0.102E-01
      0.663E+00      0.191E-01      0.970E-02
      0.676E+00      0.192E-01      0.922E-02
      0.688E+00      0.193E-01      0.876E-02
      0.701E+00      0.194E-01      0.830E-02
      0.713E+00      0.195E-01      0.785E-02
      0.726E+00      0.196E-01      0.742E-02
      0.738E+00      0.197E-01      0.699E-02
      0.751E+00      0.198E-01      0.657E-02
      0.763E+00      0.199E-01      0.617E-02
      0.776E+00      0.200E-01      0.577E-02
      0.788E+00      0.200E-01      0.538E-02
      0.801E+00      0.201E-01      0.500E-02
      0.813E+00      0.202E-01      0.462E-02
      0.826E+00      0.202E-01      0.426E-02
      0.838E+00      0.203E-01      0.391E-02
      0.851E+00      0.203E-01      0.356E-02
      0.863E+00      0.204E-01      0.322E-02
      0.876E+00      0.204E-01      0.289E-02
      0.888E+00      0.204E-01      0.256E-02
      0.901E+00      0.205E-01      0.225E-02
      0.914E+00      0.205E-01      0.194E-02
      0.926E+00      0.205E-01      0.164E-02
      0.939E+00      0.205E-01      0.134E-02
      0.951E+00      0.205E-01      0.106E-02
      0.964E+00      0.206E-01      0.777E-03
      0.976E+00      0.206E-01      0.503E-03
      0.989E+00      0.206E-01      0.237E-03
      0.100E+01      0.206E-01     -0.231E-04
      0.101E+01      0.206E-01     -0.277E-03
      0.103E+01      0.206E-01     -0.524E-03
      0.104E+01      0.206E-01     -0.765E-03
      0.105E+01      0.205E-01     -0.100E-02
      0.106E+01      0.205E-01     -0.123E-02
      0.108E+01      0.205E-01     -0.145E-02
      0.109E+01      0.205E-01     -0.167E-02
      0.110E+01      0.205E-01     -0.188E-02
      0.111E+01      0.204E-01     -0.209E-02
      0.113E+01      0.204E-01     -0.229E-02
      0.114E+01      0.204E-01     -0.248E-02
      0.115E+01      0.204E-01     -0.267E-02
      0.116E+01      0.203E-01     -0.286E-02
      0.118E+01      0.203E-01     -0.304E-02
      0.119E+01      0.202E-01     -0.322E-02
      0.120E+01      0.202E-01     -0.339E-02
      0.121E+01      0.202E-01     -0.355E-02
      0.123E+01      0.201E-01     -0.371E-02
      0.124E+01      0.201E-01     -0.387E-02
      0.125E+01      0.200E-01     -0.402E-02
      0.126E+01      0.200E-01     -0.417E-02
      0.128E+01      0.199E-01     -0.431E-02
      0.129E+01      0.199E-01     -0.445E-02
      0.130E+01      0.198E-01     -0.459E-02
      0.131E+01      0.197E-01     -0.472E-02
      0.133E+01      0.197E-01     -0.484E-02
      0.134E+01      0.196E-01     -0.497E-02
      0.135E+01      0.196E-01     -0.509E-02
      0.136E+01      0.195E-01     -0.520E-02
      0.138E+01      0.194E-01     -0.531E-02
      0.139E+01      0.194E-01     -0.542E-02
      0.140E+01      0.193E-01     -0.553E-02
      0.141E+01      0.192E-01     -0.563E-02
      0.143E+01      0.191E-01     -0.573E-02
      0.144E+01      0.191E-01     -0.582E-02
      0.145E+01      0.190E-01     -0.591E-02
      0.146E+01      0.189E-01     -0.600E-02
      0.148E+01      0.189E-01     -0.609E-02
      0.149E+01      0.188E-01     -0.617E-02
      0.150E+01      0.187E-01     -0.625E-02
      0.151E+01      0.186E-01     -0.632E-02
      0.153E+01      0.185E-01     -0.640E-02
      0.154E+01      0.185E-01     -0.647E-02
      0.155E+01      0.184E-01     -0.654E-02
      0.156E+01      0.183E-01     -0.660E-02
      0.158E+01      0.182E-01     -0.666E-02
      0.159E+01      0.181E-01     -0.672E-02
      0.160E+01      0.180E-01     -0.678E-02
      0.161E+01      0.180E-01     -0.683E-02
      0.163E+01      0.179E-01     -0.689E-02
      0.164E+01      0.178E-01     -0.694E-02
      0.165E+01      0.177E-01     -0.699E-02
      0.166E+01      0.176E-01     -0.703E-02
      0.168E+01      0.175E-01     -0.707E-02
      0.169E+01      0.174E-01     -0.712E-02
      0.170E+01      0.173E-01     -0.715E-02
      0.171E+01      0.173E-01     -0.719E-02
      0.173E+01      0.172E-01     -0.723E-02
      0.174E+01      0.171E-01     -0.726E-02
      0.175E+01      0.170E-01     -0.729E-02
      0.176E+01      0.169E-01     -0.732E-02
      0.178E+01      0.168E-01     -0.735E-02
      0.179E+01      0.167E-01     -0.737E-02
      0.180E+01      0.166E-01     -0.740E-02
      0.181E+01      0.165E-01     -0.742E-02
      0.183E+01      0.164E-01     -0.744E-02
      0.184E+01      0.163E-01     -0.746E-02
      0.185E+01      0.162E-01     -0.747E-02
      0.186E+01      0.162E-01     -0.749E-02
      0.188E+01      0.161E-01     -0.750E-02
      0.189E+01      0.160E-01     -0.752E-02
      0.190E+01      0.159E-01     -0.753E-02
      0.191E+01      0.158E-01     -0.754E-02
      0.193E+01      0.157E-01     -0.754E-02
      0.194E+01      0.156E-01     -0.755E-02
      0.195E+01      0.155E-01     -0.756E-02
      0.196E+01      0.154E-01     -0.756E-02
      0.198E+01      0.153E-01     -0.756E-02
      0.199E+01      0.152E-01     -0.757E-02
      0.200E+01      0.151E-01     -0.757E-02
      0.201E+01      0.150E-01     -0.756E-02
      0.203E+01      0.149E-01     -0.756E-02
      0.204E+01      0.148E-01     -0.756E-02
      0.205E+01      0.147E-01     -0.756E-02
      0.206E+01      0.146E-01     -0.755E-02
      0.208E+01      0.145E-01     -0.754E-02
      0.209E+01      0.145E-01     -0.754E-02
      0.210E+01      0.144E-01     -0.753E-02
      0.211E+01      0.143E-01     -0.752E-02
      0.213E+01      0.142E-01     -0.751E-02
      0.214E+01      0.141E-01     -0.750E-02
      0.215E+01      0.140E-01     -0.749E-02
      0.216E+01      0.139E-01     -0.747E-02
      0.218E+01      0.138E-01     -0.746E-02
      0.219E+01      0.137E-01     -0.745E-02
      0.220E+01      0.136E-01     -0.743E-02
      0.221E+01      0.135E-01     -0.741E-02
      0.223E+01      0.134E-01     -0.740E-02
      0.224E+01      0.133E-01     -0.738E-02
      0.225E+01      0.132E-01     -0.736E-02
      0.227E+01      0.131E-01     -0.734E-02
      0.228E+01      0.131E-01     -0.732E-02
      0.229E+01      0.130E-01     -0.730E-02
      0.230E+01      0.129E-01     -0.728E-02
      0.232E+01      0.128E-01     -0.726E-02
      0.233E+01      0.127E-01     -0.724E-02
      0.234E+01      0.126E-01     -0.722E-02
      0.235E+01      0.125E-01     -0.719E-02
      0.237E+01      0.124E-01     -0.717E-02
      0.238E+01      0.123E-01     -0.714E-02
      0.239E+01      0.122E-01     -0.712E-02
      0.240E+01      0.122E-01     -0.709E-02
      0.242E+01      0.121E-01     -0.707E-02
      0.243E+01      0.120E-01     -0.704E-02
      0.244E+01      0.119E-01     -0.702E-02
      0.245E+01      0.118E-01     -0.699E-02
      0.247E+01      0.117E-01     -0.696E-02
      0.248E+01      0.116E-01     -0.693E-02
      0.249E+01      0.115E-01     -0.691E-02
      0.250E+01      0.115E-01     -0.688E-02
      0.252E+01      0.114E-01     -0.685E-02
      0.253E+01      0.113E-01     -0.682E-02
      0.254E+01      0.112E-01     -0.679E-02
      0.255E+01      0.111E-01     -0.676E-02
      0.257E+01      0.110E-01     -0.673E-02
      0.258E+01      0.109E-01     -0.670E-02
      0.259E+01      0.109E-01     -0.667E-02
      0.260E+01      0.108E-01     -0.664E-02
      0.262E+01      0.107E-01     -0.660E-02
      0.263E+01      0.106E-01     -0.657E-02
      0.264E+01      0.105E-01     -0.654E-02
      0.265E+01      0.104E-01     -0.651E-02
      0.267E+01      0.104E-01     -0.648E-02
      0.268E+01      0.103E-01     -0.644E-02
      0.269E+01      0.102E-01     -0.641E-02
      0.270E+01      0.101E-01     -0.638E-02
      0.272E+01      0.100E-01     -0.635E-02
      0.273E+01      0.997E-02     -0.631E-02
      0.274E+01      0.989E-02     -0.628E-02
      0.275E+01      0.981E-02     -0.625E-02
      0.277E+01      0.973E-02     -0.621E-02
      0.278E+01      0.965E-02     -0.618E-02
      0.279E+01      0.958E-02     -0.614E-02
      0.280E+01      0.950E-02     -0.611E-02
      0.282E+01      0.942E-02     -0.608E-02
      0.283E+01      0.935E-02     -0.604E-02
      0.284E+01      0.927E-02     -0.601E-02
      0.285E+01      0.920E-02     -0.597E-02
      0.287E+01      0.912E-02     -0.594E-02
      0.288E+01      0.905E-02     -0.590E-02
      0.289E+01      0.897E-02     -0.587E-02
      0.290E+01      0.890E-02     -0.584E-02
      0.292E+01      0.883E-02     -0.580E-02
      0.293E+01      0.876E-02     -0.577E-02
      0.294E+01      0.868E-02     -0.573E-02
      0.295E+01      0.861E-02     -0.570E-02
      0.297E+01      0.854E-02     -0.566E-02
      0.298E+01      0.847E-02     -0.563E-02
      0.299E+01      0.840E-02     -0.559E-02
      0.300E+01      0.833E-02     -0.556E-02
      0.302E+01      0.826E-02     -0.552E-02
      0.303E+01      0.819E-02     -0.549E-02
      0.304E+01      0.812E-02     -0.545E-02
      0.305E+01      0.806E-02     -0.542E-02
      0.307E+01      0.799E-02     -0.538E-02
      0.308E+01      0.792E-02     -0.535E-02
      0.309E+01      0.785E-02     -0.531E-02
      0.310E+01      0.779E-02     -0.528E-02
      0.312E+01      0.772E-02     -0.524E-02
      0.313E+01      0.766E-02     -0.521E-02
      0.314E+01      0.759E-02     -0.518E-02
      0.315E+01      0.753E-02     -0.514E-02
      0.317E+01      0.746E-02     -0.511E-02
      0.318E+01      0.740E-02     -0.507E-02
      0.319E+01      0.734E-02     -0.504E-02
      0.320E+01      0.727E-02     -0.500E-02
      0.322E+01      0.721E-02     -0.497E-02
      0.323E+01      0.715E-02     -0.494E-02
      0.324E+01      0.709E-02     -0.490E-02
      0.325E+01      0.703E-02     -0.487E-02
      0.327E+01      0.697E-02     -0.483E-02
      0.328E+01      0.691E-02     -0.480E-02
      0.329E+01      0.685E-02     -0.477E-02
      0.330E+01      0.679E-02     -0.473E-02
      0.332E+01      0.673E-02     -0.470E-02
      0.333E+01      0.667E-02     -0.467E-02
      0.334E+01      0.661E-02     -0.463E-02
      0.335E+01      0.655E-02     -0.460E-02
      0.337E+01      0.650E-02     -0.457E-02
      0.338E+01      0.644E-02     -0.453E-02
      0.339E+01      0.638E-02     -0.450E-02
      0.340E+01      0.633E-02     -0.447E-02
      0.342E+01      0.627E-02     -0.443E-02
      0.343E+01      0.622E-02     -0.440E-02
      0.344E+01      0.616E-02     -0.437E-02
      0.345E+01      0.611E-02     -0.434E-02
      0.347E+01      0.605E-02     -0.431E-02
      0.348E+01      0.600E-02     -0.427E-02
      0.349E+01      0.594E-02     -0.424E-02
      0.350E+01      0.589E-02     -0.421E-02
      0.352E+01      0.584E-02     -0.418E-02
      0.353E+01      0.579E-02     -0.415E-02
      0.354E+01      0.574E-02     -0.412E-02
      0.355E+01      0.568E-02     -0.408E-02
      0.357E+01      0.563E-02     -0.405E-02
      0.358E+01      0.558E-02     -0.402E-02
      0.359E+01      0.553E-02     -0.399E-02
      0.360E+01      0.548E-02     -0.396E-02
      0.362E+01      0.543E-02     -0.393E-02
      0.363E+01      0.538E-02     -0.390E-02
      0.364E+01      0.534E-02     -0.387E-02
      0.365E+01      0.529E-02     -0.384E-02
      0.367E+01      0.524E-02     -0.381E-02
      0.368E+01      0.519E-02     -0.378E-02
      0.369E+01      0.515E-02     -0.375E-02
      0.370E+01      0.510E-02     -0.372E-02
      0.372E+01      0.505E-02     -0.369E-02
      0.373E+01      0.501E-02     -0.366E-02
      0.374E+01      0.496E-02     -0.363E-02
      0.375E+01      0.491E-02     -0.361E-02
      0.377E+01      0.487E-02     -0.358E-02
      0.378E+01      0.483E-02     -0.355E-02
      0.379E+01      0.478E-02     -0.352E-02
      0.380E+01      0.474E-02     -0.349E-02
      0.382E+01      0.469E-02     -0.346E-02
      0.383E+01      0.465E-02     -0.344E-02
      0.384E+01      0.461E-02     -0.341E-02
      0.385E+01      0.457E-02     -0.338E-02
      0.387E+01      0.452E-02     -0.335E-02
      0.388E+01      0.448E-02     -0.333E-02
      0.389E+01      0.444E-02     -0.330E-02
      0.390E+01      0.440E-02     -0.327E-02
      0.392E+01      0.436E-02     -0.325E-02
      0.393E+01      0.432E-02     -0.322E-02
      0.394E+01      0.428E-02     -0.319E-02
      0.395E+01      0.424E-02     -0.317E-02
      0.397E+01      0.420E-02     -0.314E-02
      0.398E+01      0.416E-02     -0.311E-02
      0.399E+01      0.412E-02     -0.309E-02
      0.400E+01      0.408E-02     -0.306E-02
      0.402E+01      0.404E-02     -0.304E-02
      0.403E+01      0.401E-02     -0.301E-02
      0.404E+01      0.397E-02     -0.299E-02
      0.405E+01      0.393E-02     -0.296E-02
      0.407E+01      0.389E-02     -0.294E-02
      0.408E+01      0.386E-02     -0.291E-02
      0.409E+01      0.382E-02     -0.289E-02
      0.410E+01      0.379E-02     -0.286E-02
      0.412E+01      0.375E-02     -0.284E-02
      0.413E+01      0.371E-02     -0.281E-02
      0.414E+01      0.368E-02     -0.279E-02
      0.415E+01      0.364E-02     -0.277E-02
      0.417E+01      0.361E-02     -0.274E-02
      0.418E+01      0.358E-02     -0.272E-02
      0.419E+01      0.354E-02     -0.270E-02
      0.420E+01      0.351E-02     -0.267E-02
      0.422E+01      0.347E-02     -0.265E-02
      0.423E+01      0.344E-02     -0.263E-02
      0.424E+01      0.341E-02     -0.261E-02
      0.425E+01      0.338E-02     -0.258E-02
      0.427E+01      0.334E-02     -0.256E-02
      0.428E+01      0.331E-02     -0.254E-02
      0.429E+01      0.328E-02     -0.252E-02
      0.430E+01      0.325E-02     -0.249E-02
      0.432E+01      0.322E-02     -0.247E-02
      0.433E+01      0.319E-02     -0.245E-02
      0.434E+01      0.316E-02     -0.243E-02
      0.435E+01      0.313E-02     -0.241E-02
      0.437E+01      0.310E-02     -0.239E-02
      0.438E+01      0.307E-02     -0.237E-02
      0.439E+01      0.304E-02     -0.235E-02
      0.440E+01      0.301E-02     -0.233E-02
      0.442E+01      0.298E-02     -0.230E-02
      0.443E+01      0.295E-02     -0.228E-02
      0.444E+01      0.292E-02     -0.226E-02
      0.446E+01      0.289E-02     -0.224E-02
      0.447E+01      0.287E-02     -0.222E-02
      0.448E+01      0.284E-02     -0.220E-02
      0.449E+01      0.281E-02     -0.219E-02
      0.451E+01      0.278E-02     -0.217E-02
      0.452E+01      0.276E-02     -0.215E-02
      0.453E+01      0.273E-02     -0.213E-02
      0.454E+01      0.270E-02     -0.211E-02
      0.456E+01      0.268E-02     -0.209E-02
      0.457E+01      0.265E-02     -0.207E-02
      0.458E+01      0.263E-02     -0.205E-02
      0.459E+01      0.260E-02     -0.203E-02
      0.461E+01      0.257E-02     -0.202E-02
      0.462E+01      0.255E-02     -0.200E-02
      0.463E+01      0.252E-02     -0.198E-02
      0.464E+01      0.250E-02     -0.196E-02
      0.466E+01      0.248E-02     -0.194E-02
      0.467E+01      0.245E-02     -0.193E-02
      0.468E+01      0.243E-02     -0.191E-02
      0.469E+01      0.240E-02     -0.189E-02
      0.471E+01      0.238E-02     -0.187E-02
      0.472E+01      0.236E-02     -0.186E-02
      0.473E+01      0.233E-02     -0.184E-02
      0.474E+01      0.231E-02     -0.182E-02
      0.476E+01      0.229E-02     -0.181E-02
      0.477E+01      0.227E-02     -0.179E-02
      0.478E+01      0.224E-02     -0.177E-02
      0.479E+01      0.222E-02     -0.176E-02
      0.481E+01      0.220E-02     -0.174E-02
      0.482E+01      0.218E-02     -0.173E-02
      0.483E+01      0.216E-02     -0.171E-02
      0.484E+01      0.213E-02     -0.169E-02
      0.486E+01      0.211E-02     -0.168E-02
      0.487E+01      0.209E-02     -0.166E-02
      0.488E+01      0.207E-02     -0.165E-02
      0.489E+01      0.205E-02     -0.163E-02
      0.491E+01      0.203E-02     -0.162E-02
      0.492E+01      0.201E-02     -0.160E-02
      0.493E+01      0.199E-02     -0.159E-02
      0.494E+01      0.197E-02     -0.157E-02
      0.496E+01      0.195E-02     -0.156E-02
      0.497E+01      0.193E-02     -0.154E-02
      0.498E+01      0.191E-02     -0.153E-02
      0.499E+01      0.189E-02     -0.151E-02
      0.501E+01      0.187E-02     -0.150E-02
      0.502E+01      0.186E-02     -0.149E-02
      0.503E+01      0.184E-02     -0.147E-02
      0.504E+01      0.182E-02     -0.146E-02
      0.506E+01      0.180E-02     -0.144E-02
      0.507E+01      0.178E-02     -0.143E-02
      0.508E+01      0.177E-02     -0.142E-02
      0.509E+01      0.175E-02     -0.140E-02
      0.511E+01      0.173E-02     -0.139E-02
      0.512E+01      0.171E-02     -0.138E-02
      0.513E+01      0.170E-02     -0.137E-02
      0.514E+01      0.168E-02     -0.135E-02
      0.516E+01      0.166E-02     -0.134E-02
      0.517E+01      0.165E-02     -0.133E-02
      0.518E+01      0.163E-02     -0.131E-02
      0.519E+01      0.161E-02     -0.130E-02
      0.521E+01      0.160E-02     -0.129E-02
      0.522E+01      0.158E-02     -0.128E-02
      0.523E+01      0.156E-02     -0.127E-02
      0.524E+01      0.155E-02     -0.125E-02
      0.526E+01      0.153E-02     -0.124E-02
      0.527E+01      0.152E-02     -0.123E-02
      0.528E+01      0.150E-02     -0.122E-02
      0.529E+01      0.149E-02     -0.121E-02
      0.531E+01      0.147E-02     -0.119E-02
      0.532E+01      0.146E-02     -0.118E-02
      0.533E+01      0.144E-02     -0.117E-02
      0.534E+01      0.143E-02     -0.116E-02
      0.536E+01      0.141E-02     -0.115E-02
      0.537E+01      0.140E-02     -0.114E-02
      0.538E+01      0.138E-02     -0.113E-02
      0.539E+01      0.137E-02     -0.112E-02
      0.541E+01      0.136E-02     -0.111E-02
      0.542E+01      0.134E-02     -0.110E-02
      0.543E+01      0.133E-02     -0.108E-02
      0.544E+01      0.132E-02     -0.107E-02
      0.546E+01      0.130E-02     -0.106E-02
      0.547E+01      0.129E-02     -0.105E-02
      0.548E+01      0.128E-02     -0.104E-02
      0.549E+01      0.126E-02     -0.103E-02
      0.551E+01      0.125E-02     -0.102E-02
      0.552E+01      0.124E-02     -0.101E-02
      0.553E+01      0.122E-02     -0.100E-02
      0.554E+01      0.121E-02     -0.994E-03
      0.556E+01      0.120E-02     -0.984E-03
      0.557E+01      0.119E-02     -0.974E-03
      0.558E+01      0.118E-02     -0.965E-03
      0.559E+01      0.116E-02     -0.956E-03
      0.561E+01      0.115E-02     -0.946E-03
      0.562E+01      0.114E-02     -0.937E-03
      0.563E+01      0.113E-02     -0.928E-03
      0.564E+01      0.112E-02     -0.919E-03
      0.566E+01      0.111E-02     -0.910E-03
      0.567E+01      0.109E-02     -0.901E-03
      0.568E+01      0.108E-02     -0.892E-03
      0.569E+01      0.107E-02     -0.883E-03
      0.571E+01      0.106E-02     -0.875E-03
      0.572E+01      0.105E-02     -0.866E-03
      0.573E+01      0.104E-02     -0.858E-03
      0.574E+01      0.103E-02     -0.849E-03
      0.576E+01      0.102E-02     -0.841E-03
      0.577E+01      0.101E-02     -0.833E-03
      0.578E+01      0.997E-03     -0.824E-03
      0.579E+01      0.987E-03     -0.816E-03
      0.581E+01      0.976E-03     -0.808E-03
      0.582E+01      0.966E-03     -0.800E-03
      0.583E+01      0.956E-03     -0.792E-03
      0.584E+01      0.946E-03     -0.785E-03
      0.586E+01      0.937E-03     -0.777E-03
      0.587E+01      0.927E-03     -0.769E-03
      0.588E+01      0.917E-03     -0.761E-03
      0.589E+01      0.908E-03     -0.754E-03
      0.591E+01      0.899E-03     -0.746E-03
      0.592E+01      0.889E-03     -0.739E-03
      0.593E+01      0.880E-03     -0.732E-03
      0.594E+01      0.871E-03     -0.724E-03
      0.596E+01      0.862E-03     -0.717E-03
      0.597E+01      0.853E-03     -0.710E-03
      0.598E+01      0.844E-03     -0.703E-03
      0.599E+01      0.835E-03     -0.696E-03
      0.601E+01      0.827E-03     -0.689E-03
      0.602E+01      0.818E-03     -0.682E-03
      0.603E+01      0.810E-03     -0.675E-03
      0.604E+01      0.801E-03     -0.669E-03
      0.606E+01      0.793E-03     -0.662E-03
      0.607E+01      0.785E-03     -0.655E-03
      0.608E+01      0.777E-03     -0.649E-03
      0.609E+01      0.768E-03     -0.642E-03
      0.611E+01      0.760E-03     -0.636E-03
      0.612E+01      0.753E-03     -0.630E-03
      0.613E+01      0.745E-03     -0.623E-03
      0.614E+01      0.737E-03     -0.617E-03
      0.616E+01      0.729E-03     -0.611E-03
      0.617E+01      0.722E-03     -0.605E-03
      0.618E+01      0.714E-03     -0.599E-03
      0.619E+01      0.707E-03     -0.593E-03
      0.621E+01      0.699E-03     -0.587E-03
      0.622E+01      0.692E-03     -0.581E-03
      0.623E+01      0.685E-03     -0.575E-03
      0.624E+01      0.678E-03     -0.569E-03
      0.626E+01      0.671E-03     -0.563E-03
      0.627E+01      0.663E-03     -0.558E-03
      0.628E+01      0.657E-03     -0.552E-03
      0.629E+01      0.650E-03     -0.546E-03
      0.631E+01      0.643E-03     -0.541E-03
      0.632E+01      0.636E-03     -0.535E-03
      0.633E+01      0.629E-03     -0.530E-03
      0.634E+01      0.623E-03     -0.525E-03
      0.636E+01      0.616E-03     -0.519E-03
      0.637E+01      0.610E-03     -0.514E-03
      0.638E+01      0.603E-03     -0.509E-03
      0.639E+01      0.597E-03     -0.504E-03
      0.641E+01      0.591E-03     -0.499E-03
      0.642E+01      0.585E-03     -0.494E-03
      0.643E+01      0.579E-03     -0.489E-03
      0.644E+01      0.572E-03     -0.484E-03
      0.646E+01      0.566E-03     -0.479E-03
      0.647E+01      0.560E-03     -0.474E-03
      0.648E+01      0.555E-03     -0.469E-03
      0.649E+01      0.549E-03     -0.464E-03
      0.651E+01      0.543E-03     -0.459E-03
      0.652E+01      0.537E-03     -0.455E-03
      0.653E+01      0.532E-03     -0.450E-03
      0.654E+01      0.526E-03     -0.446E-03
      0.656E+01      0.520E-03     -0.441E-03
      0.657E+01      0.515E-03     -0.437E-03
      0.658E+01      0.509E-03     -0.432E-03
      0.659E+01      0.504E-03     -0.428E-03
      0.661E+01      0.499E-03     -0.423E-03
      0.662E+01      0.493E-03     -0.419E-03
      0.663E+01      0.488E-03     -0.415E-03
      0.664E+01      0.483E-03     -0.410E-03
      0.666E+01      0.478E-03     -0.406E-03
      0.667E+01      0.473E-03     -0.402E-03
      0.668E+01      0.468E-03     -0.398E-03
      0.670E+01      0.463E-03     -0.394E-03
      0.671E+01      0.458E-03     -0.390E-03
      0.672E+01      0.453E-03     -0.386E-03
      0.673E+01      0.448E-03     -0.382E-03
      0.675E+01      0.444E-03     -0.378E-03
      0.676E+01      0.439E-03     -0.374E-03
      0.677E+01      0.434E-03     -0.370E-03
      0.678E+01      0.430E-03     -0.366E-03
      0.680E+01      0.425E-03     -0.363E-03
      0.681E+01      0.421E-03     -0.359E-03
      0.682E+01      0.416E-03     -0.355E-03
      0.683E+01      0.412E-03     -0.351E-03
      0.685E+01      0.407E-03     -0.348E-03
      0.686E+01      0.403E-03     -0.344E-03
      0.687E+01      0.399E-03     -0.341E-03
      0.688E+01      0.395E-03     -0.337E-03
      0.690E+01      0.390E-03     -0.334E-03
      0.691E+01      0.386E-03     -0.330E-03
      0.692E+01      0.382E-03     -0.327E-03
      0.693E+01      0.378E-03     -0.323E-03
      0.695E+01      0.374E-03     -0.320E-03
      0.696E+01      0.370E-03     -0.317E-03
      0.697E+01      0.366E-03     -0.314E-03
      0.698E+01      0.362E-03     -0.310E-03
      0.700E+01      0.358E-03     -0.307E-03
      0.701E+01      0.354E-03     -0.304E-03
      0.702E+01      0.351E-03     -0.301E-03
      0.703E+01      0.347E-03     -0.298E-03
      0.705E+01      0.343E-03     -0.294E-03
      0.706E+01      0.340E-03     -0.291E-03
      0.707E+01      0.336E-03     -0.288E-03
      0.708E+01      0.332E-03     -0.285E-03
      0.710E+01      0.329E-03     -0.282E-03
      0.711E+01      0.325E-03     -0.279E-03
      0.712E+01      0.322E-03     -0.277E-03
      0.713E+01      0.318E-03     -0.274E-03
      0.715E+01      0.315E-03     -0.271E-03
      0.716E+01      0.312E-03     -0.268E-03
      0.717E+01      0.308E-03     -0.265E-03
      0.718E+01      0.305E-03     -0.262E-03
      0.720E+01      0.302E-03     -0.260E-03
      0.721E+01      0.298E-03     -0.257E-03
      0.722E+01      0.295E-03     -0.254E-03
      0.723E+01      0.292E-03     -0.252E-03
      0.725E+01      0.289E-03     -0.249E-03
      0.726E+01      0.286E-03     -0.246E-03
      0.727E+01      0.283E-03     -0.244E-03
      0.728E+01      0.280E-03     -0.241E-03
      0.730E+01      0.277E-03     -0.239E-03
      0.731E+01      0.274E-03     -0.236E-03
      0.732E+01      0.271E-03     -0.234E-03
      0.733E+01      0.268E-03     -0.231E-03
      0.735E+01      0.265E-03     -0.229E-03
      0.736E+01      0.262E-03     -0.227E-03
      0.737E+01      0.259E-03     -0.224E-03
      0.738E+01      0.257E-03     -0.222E-03
      0.740E+01      0.254E-03     -0.219E-03
      0.741E+01      0.251E-03     -0.217E-03
      0.742E+01      0.248E-03     -0.215E-03
      0.743E+01      0.246E-03     -0.213E-03
      0.745E+01      0.243E-03     -0.210E-03
      0.746E+01      0.240E-03     -0.208E-03
      0.747E+01      0.238E-03     -0.206E-03
      0.748E+01      0.235E-03     -0.204E-03
      0.750E+01      0.233E-03     -0.202E-03
      0.751E+01      0.230E-03     -0.200E-03
      0.752E+01      0.228E-03     -0.197E-03
      0.753E+01      0.225E-03     -0.195E-03
      0.755E+01      0.223E-03     -0.193E-03
      0.756E+01      0.220E-03     -0.191E-03
      0.757E+01      0.218E-03     -0.189E-03
      0.758E+01      0.216E-03     -0.187E-03
      0.760E+01      0.213E-03     -0.185E-03
      0.761E+01      0.211E-03     -0.183E-03
      0.762E+01      0.209E-03     -0.181E-03
      0.763E+01      0.206E-03     -0.179E-03
      0.765E+01      0.204E-03     -0.178E-03
      0.766E+01      0.202E-03     -0.176E-03
      0.767E+01      0.200E-03     -0.174E-03
      0.768E+01      0.198E-03     -0.172E-03
      0.770E+01      0.196E-03     -0.170E-03
      0.771E+01      0.193E-03     -0.168E-03
      0.772E+01      0.191E-03     -0.167E-03
      0.773E+01      0.189E-03     -0.165E-03
      0.775E+01      0.187E-03     -0.163E-03
      0.776E+01      0.185E-03     -0.161E-03
      0.777E+01      0.183E-03     -0.160E-03
      0.778E+01      0.181E-03     -0.158E-03
      0.780E+01      0.179E-03     -0.156E-03
      0.781E+01      0.177E-03     -0.155E-03
      0.782E+01      0.175E-03     -0.153E-03
      0.783E+01      0.173E-03     -0.151E-03
      0.785E+01      0.172E-03     -0.150E-03
      0.786E+01      0.170E-03     -0.148E-03
      0.787E+01      0.168E-03     -0.147E-03
      0.788E+01      0.166E-03     -0.145E-03
      0.790E+01      0.164E-03     -0.143E-03
      0.791E+01      0.162E-03     -0.142E-03
      0.792E+01      0.161E-03     -0.140E-03
      0.793E+01      0.159E-03     -0.139E-03
      0.795E+01      0.157E-03     -0.137E-03
      0.796E+01      0.155E-03     -0.136E-03
      0.797E+01      0.154E-03     -0.135E-03
      0.798E+01      0.152E-03     -0.133E-03
      0.800E+01      0.150E-03     -0.132E-03
      0.801E+01      0.149E-03     -0.130E-03
      0.802E+01      0.147E-03     -0.129E-03
      0.803E+01      0.146E-03     -0.128E-03
      0.805E+01      0.144E-03     -0.126E-03
      0.806E+01      0.142E-03     -0.125E-03
      0.807E+01      0.141E-03     -0.123E-03
      0.808E+01      0.139E-03     -0.122E-03
      0.810E+01      0.138E-03     -0.121E-03
      0.811E+01      0.136E-03     -0.120E-03
      0.812E+01      0.135E-03     -0.118E-03
      0.813E+01      0.133E-03     -0.117E-03
      0.815E+01      0.132E-03     -0.116E-03
      0.816E+01      0.130E-03     -0.115E-03
      0.817E+01      0.129E-03     -0.113E-03
      0.818E+01      0.128E-03     -0.112E-03
      0.820E+01      0.126E-03     -0.111E-03
      0.821E+01      0.125E-03     -0.110E-03
      0.822E+01      0.123E-03     -0.109E-03
      0.823E+01      0.122E-03     -0.107E-03
      0.825E+01      0.121E-03     -0.106E-03
      0.826E+01      0.119E-03     -0.105E-03
      0.827E+01      0.118E-03     -0.104E-03
      0.828E+01      0.117E-03     -0.103E-03
      0.830E+01      0.116E-03     -0.102E-03
      0.831E+01      0.114E-03     -0.101E-03
      0.832E+01      0.113E-03     -0.995E-04
      0.833E+01      0.112E-03     -0.985E-04
      0.835E+01      0.111E-03     -0.974E-04
      0.836E+01      0.109E-03     -0.964E-04
      0.837E+01      0.108E-03     -0.953E-04
      0.838E+01      0.107E-03     -0.943E-04
      0.840E+01      0.106E-03     -0.933E-04
      0.841E+01      0.105E-03     -0.923E-04
      0.842E+01      0.104E-03     -0.913E-04
      0.843E+01      0.102E-03     -0.903E-04
      0.845E+01      0.101E-03     -0.893E-04
      0.846E+01      0.100E-03     -0.884E-04
      0.847E+01      0.991E-04     -0.874E-04
      0.848E+01      0.980E-04     -0.865E-04
      0.850E+01      0.969E-04     -0.855E-04
      0.851E+01      0.958E-04     -0.846E-04
      0.852E+01      0.948E-04     -0.837E-04
      0.853E+01      0.937E-04     -0.828E-04
      0.855E+01      0.927E-04     -0.819E-04
      0.856E+01      0.917E-04     -0.810E-04
      0.857E+01      0.907E-04     -0.802E-04
      0.858E+01      0.897E-04     -0.793E-04
      0.860E+01      0.887E-04     -0.784E-04
      0.861E+01      0.877E-04     -0.776E-04
      0.862E+01      0.868E-04     -0.768E-04
      0.863E+01      0.858E-04     -0.759E-04
      0.865E+01      0.849E-04     -0.751E-04
      0.866E+01      0.839E-04     -0.743E-04
      0.867E+01      0.830E-04     -0.735E-04
      0.868E+01      0.821E-04     -0.727E-04
      0.870E+01      0.812E-04     -0.719E-04
      0.871E+01      0.803E-04     -0.711E-04
      0.872E+01      0.794E-04     -0.704E-04
      0.873E+01      0.785E-04     -0.696E-04
      0.875E+01      0.777E-04     -0.688E-04
      0.876E+01      0.768E-04     -0.681E-04
      0.877E+01      0.760E-04     -0.674E-04
      0.878E+01      0.751E-04     -0.666E-04
      0.880E+01      0.743E-04     -0.659E-04
      0.881E+01      0.735E-04     -0.652E-04
      0.882E+01      0.727E-04     -0.645E-04
      0.883E+01      0.719E-04     -0.638E-04
      0.885E+01      0.711E-04     -0.631E-04
      0.886E+01      0.703E-04     -0.624E-04
      0.887E+01      0.695E-04     -0.617E-04
      0.888E+01      0.687E-04     -0.611E-04
      0.890E+01      0.680E-04     -0.604E-04
      0.891E+01      0.672E-04     -0.597E-04
      0.892E+01      0.665E-04     -0.591E-04
      0.894E+01      0.657E-04     -0.585E-04
      0.895E+01      0.650E-04     -0.578E-04
      0.896E+01      0.643E-04     -0.572E-04
      0.897E+01      0.636E-04     -0.566E-04
      0.899E+01      0.629E-04     -0.560E-04
      0.900E+01      0.622E-04     -0.553E-04
      0.901E+01      0.615E-04     -0.547E-04
      0.902E+01      0.608E-04     -0.541E-04
      0.904E+01      0.601E-04     -0.536E-04
      0.905E+01      0.595E-04     -0.530E-04
      0.906E+01      0.588E-04     -0.524E-04
      0.907E+01      0.582E-04     -0.518E-04
      0.909E+01      0.575E-04     -0.513E-04
      0.910E+01      0.569E-04     -0.507E-04
      0.911E+01      0.562E-04     -0.502E-04
      0.912E+01      0.556E-04     -0.496E-04
      0.914E+01      0.550E-04     -0.491E-04
      0.915E+01      0.544E-04     -0.485E-04
      0.916E+01      0.538E-04     -0.480E-04
      0.917E+01      0.532E-04     -0.475E-04
      0.919E+01      0.526E-04     -0.470E-04
      0.920E+01      0.520E-04     -0.464E-04
      0.921E+01      0.286E-05     -0.255E-05
      0.922E+01      0.509E-04     -0.454E-04
      0.924E+01      0.503E-04     -0.449E-04
      0.925E+01      0.497E-04     -0.444E-04
      0.926E+01      0.492E-04     -0.439E-04
      0.927E+01      0.486E-04     -0.434E-04
      0.929E+01      0.481E-04     -0.429E-04
      0.930E+01      0.476E-04     -0.425E-04
      0.931E+01      0.470E-04     -0.420E-04
      0.932E+01      0.465E-04     -0.415E-04
      0.934E+01      0.460E-04     -0.411E-04
      0.935E+01      0.455E-04     -0.406E-04
      0.936E+01      0.450E-04     -0.402E-04
      0.937E+01      0.445E-04     -0.397E-04
      0.939E+01      0.440E-04     -0.393E-04
      0.940E+01      0.435E-04     -0.389E-04
      0.941E+01      0.430E-04     -0.384E-04
      0.942E+01      0.425E-04     -0.380E-04
      0.944E+01      0.421E-04     -0.376E-04
      0.945E+01      0.416E-04     -0.372E-04
      0.946E+01      0.411E-04     -0.368E-04
      0.947E+01      0.407E-04     -0.364E-04
      0.949E+01      0.402E-04     -0.360E-04
      0.950E+01      0.398E-04     -0.356E-04
      0.951E+01      0.393E-04     -0.352E-04
      0.952E+01      0.389E-04     -0.348E-04
      0.954E+01      0.385E-04     -0.344E-04
      0.955E+01      0.380E-04     -0.341E-04
      0.956E+01      0.376E-04     -0.337E-04
      0.957E+01      0.372E-04     -0.333E-04
      0.959E+01      0.368E-04     -0.329E-04
      0.960E+01      0.364E-04     -0.326E-04
      0.961E+01      0.360E-04     -0.322E-04
      0.962E+01      0.356E-04     -0.319E-04
      0.964E+01      0.352E-04     -0.315E-04
      0.965E+01      0.348E-04     -0.312E-04
      0.966E+01      0.344E-04     -0.308E-04
      0.967E+01      0.340E-04     -0.305E-04
      0.969E+01      0.336E-04     -0.302E-04
      0.970E+01      0.332E-04     -0.298E-04
      0.971E+01      0.329E-04     -0.295E-04
      0.972E+01      0.325E-04     -0.292E-04
      0.974E+01      0.321E-04     -0.288E-04
      0.975E+01      0.318E-04     -0.285E-04
      0.976E+01      0.314E-04     -0.282E-04
      0.977E+01      0.311E-04     -0.279E-04
      0.979E+01      0.307E-04     -0.276E-04
      0.980E+01      0.304E-04     -0.273E-04
      0.981E+01      0.301E-04     -0.270E-04
      0.982E+01      0.297E-04     -0.267E-04
      0.984E+01      0.294E-04     -0.264E-04
      0.985E+01      0.291E-04     -0.261E-04
      0.986E+01      0.287E-04     -0.258E-04
      0.987E+01      0.284E-04     -0.255E-04
      0.989E+01      0.281E-04     -0.252E-04
      0.990E+01      0.278E-04     -0.250E-04
      0.991E+01      0.275E-04     -0.247E-04
      0.992E+01      0.272E-04     -0.244E-04
      0.994E+01      0.269E-04     -0.242E-04
      0.995E+01      0.266E-04     -0.239E-04
      0.996E+01      0.263E-04     -0.236E-04
      0.997E+01      0.260E-04     -0.234E-04
      0.999E+01      0.257E-04     -0.231E-04
      0.100E+02      0.254E-04     -0.228E-04
      0.100E+02      0.251E-04     -0.226E-04
      0.100E+02      0.248E-04     -0.223E-04
      0.100E+02      0.245E-04     -0.221E-04
      0.100E+02      0.243E-04     -0.219E-04
      0.101E+02      0.240E-04     -0.216E-04
      0.101E+02      0.237E-04     -0.214E-04
      0.101E+02      0.235E-04     -0.211E-04
      0.101E+02      0.232E-04     -0.209E-04
      0.101E+02      0.229E-04     -0.207E-04
      0.101E+02      0.227E-04     -0.204E-04
      0.101E+02      0.224E-04     -0.202E-04
      0.101E+02      0.222E-04     -0.200E-04
      0.102E+02      0.219E-04     -0.198E-04
      0.102E+02      0.217E-04     -0.195E-04
      0.102E+02      0.214E-04     -0.193E-04
      0.102E+02      0.212E-04     -0.191E-04
      0.102E+02      0.210E-04     -0.189E-04
      0.102E+02      0.207E-04     -0.187E-04
      0.102E+02      0.205E-04     -0.185E-04
      0.102E+02      0.203E-04     -0.183E-04
      0.103E+02      0.200E-04     -0.181E-04
      0.103E+02      0.198E-04     -0.179E-04
      0.103E+02      0.196E-04     -0.177E-04
      0.103E+02      0.194E-04     -0.175E-04
      0.103E+02      0.191E-04     -0.173E-04
      0.103E+02      0.189E-04     -0.171E-04
      0.103E+02      0.187E-04     -0.169E-04
      0.103E+02      0.185E-04     -0.167E-04
      0.104E+02      0.183E-04     -0.165E-04
      0.104E+02      0.181E-04     -0.163E-04
      0.104E+02      0.179E-04     -0.162E-04
      0.104E+02      0.177E-04     -0.160E-04
      0.104E+02      0.175E-04     -0.158E-04
      0.104E+02      0.173E-04     -0.156E-04
      0.104E+02      0.171E-04     -0.155E-04
      0.104E+02      0.169E-04     -0.153E-04
      0.105E+02      0.167E-04     -0.151E-04
      0.105E+02      0.165E-04     -0.149E-04
      0.105E+02      0.163E-04     -0.148E-04
      0.105E+02      0.162E-04     -0.146E-04
      0.105E+02      0.160E-04     -0.145E-04
      0.105E+02      0.158E-04     -0.143E-04
      0.105E+02      0.156E-04     -0.141E-04
      0.105E+02      0.154E-04     -0.140E-04
      0.106E+02      0.153E-04     -0.138E-04
      0.106E+02      0.151E-04     -0.137E-04
      0.106E+02      0.149E-04     -0.135E-04
      0.106E+02      0.148E-04     -0.134E-04
      0.106E+02      0.146E-04     -0.132E-04
      0.106E+02      0.144E-04     -0.131E-04
      0.106E+02      0.143E-04     -0.129E-04
      0.106E+02      0.141E-04     -0.128E-04
      0.107E+02      0.139E-04     -0.126E-04
      0.107E+02      0.138E-04     -0.125E-04
      0.107E+02      0.136E-04     -0.124E-04
      0.107E+02      0.135E-04     -0.122E-04
      0.107E+02      0.133E-04     -0.121E-04
      0.107E+02      0.132E-04     -0.119E-04
      0.107E+02      0.130E-04     -0.118E-04
      0.107E+02      0.129E-04     -0.117E-04
      0.108E+02      0.127E-04     -0.116E-04
      0.108E+02      0.126E-04     -0.114E-04
      0.108E+02      0.124E-04     -0.113E-04
      0.108E+02      0.123E-04     -0.112E-04
      0.108E+02      0.122E-04     -0.110E-04
      0.108E+02      0.120E-04     -0.109E-04
      0.108E+02      0.119E-04     -0.108E-04
      0.108E+02      0.118E-04     -0.107E-04
      0.109E+02      0.116E-04     -0.106E-04
      0.109E+02      0.115E-04     -0.104E-04
      0.109E+02      0.114E-04     -0.103E-04
      0.109E+02      0.112E-04     -0.102E-04
      0.109E+02      0.111E-04     -0.101E-04
      0.109E+02      0.110E-04     -0.998E-05
      0.109E+02      0.109E-04     -0.987E-05
      0.109E+02      0.107E-04     -0.976E-05
      0.110E+02      0.106E-04     -0.965E-05
      0.110E+02      0.105E-04     -0.954E-05
      0.110E+02      0.104E-04     -0.943E-05
      0.110E+02      0.103E-04     -0.933E-05
      0.110E+02      0.101E-04     -0.922E-05
      0.110E+02      0.100E-04     -0.912E-05
      0.110E+02      0.992E-05     -0.902E-05
      0.110E+02      0.981E-05     -0.892E-05
      0.111E+02      0.969E-05     -0.882E-05
      0.111E+02      0.958E-05     -0.872E-05
      0.111E+02      0.948E-05     -0.862E-05
      0.111E+02      0.937E-05     -0.852E-05
      0.111E+02      0.926E-05     -0.843E-05
      0.111E+02      0.916E-05     -0.833E-05
      0.111E+02      0.905E-05     -0.824E-05
      0.112E+02      0.895E-05     -0.815E-05
      0.112E+02      0.885E-05     -0.806E-05
      0.112E+02      0.875E-05     -0.797E-05
      0.112E+02      0.865E-05     -0.788E-05
      0.112E+02      0.855E-05     -0.779E-05
      0.112E+02      0.846E-05     -0.770E-05
      0.112E+02      0.836E-05     -0.762E-05
      0.112E+02      0.827E-05     -0.753E-05
      0.113E+02      0.817E-05     -0.745E-05
      0.113E+02      0.808E-05     -0.736E-05
      0.113E+02      0.799E-05     -0.728E-05
      0.113E+02      0.790E-05     -0.720E-05
      0.113E+02      0.781E-05     -0.712E-05
      0.113E+02      0.772E-05     -0.704E-05
      0.113E+02      0.763E-05     -0.696E-05
      0.113E+02      0.754E-05     -0.688E-05
      0.114E+02      0.746E-05     -0.680E-05
      0.114E+02      0.737E-05     -0.673E-05
      0.114E+02      0.729E-05     -0.665E-05
      0.114E+02      0.721E-05     -0.657E-05
      0.114E+02      0.713E-05     -0.650E-05
      0.114E+02      0.704E-05     -0.643E-05
      0.114E+02      0.696E-05     -0.636E-05
      0.114E+02      0.689E-05     -0.628E-05
      0.115E+02      0.681E-05     -0.621E-05
      0.115E+02      0.673E-05     -0.614E-05
      0.115E+02      0.665E-05     -0.607E-05
      0.115E+02      0.658E-05     -0.601E-05
      0.115E+02      0.650E-05     -0.594E-05
      0.115E+02      0.643E-05     -0.587E-05
      0.115E+02      0.636E-05     -0.581E-05
      0.115E+02      0.628E-05     -0.574E-05
      0.116E+02      0.621E-05     -0.568E-05
      0.116E+02      0.614E-05     -0.561E-05
      0.116E+02      0.607E-05     -0.555E-05
      0.116E+02      0.600E-05     -0.549E-05
      0.116E+02      0.594E-05     -0.542E-05
      0.116E+02      0.587E-05     -0.536E-05
      0.116E+02      0.580E-05     -0.530E-05
      0.116E+02      0.574E-05     -0.524E-05
      0.117E+02      0.567E-05     -0.518E-05
      0.117E+02      0.561E-05     -0.512E-05
      0.117E+02      0.554E-05     -0.507E-05
      0.117E+02      0.548E-05     -0.501E-05
      0.117E+02      0.542E-05     -0.495E-05
      0.117E+02      0.535E-05     -0.490E-05
      0.117E+02      0.529E-05     -0.484E-05
      0.117E+02      0.523E-05     -0.479E-05
      0.118E+02      0.517E-05     -0.473E-05
      0.118E+02      0.511E-05     -0.468E-05
      0.118E+02      0.506E-05     -0.463E-05
      0.118E+02      0.500E-05     -0.457E-05
      0.118E+02      0.494E-05     -0.452E-05
      0.118E+02      0.489E-05     -0.447E-05
      0.118E+02      0.483E-05     -0.442E-05
      0.118E+02      0.478E-05     -0.437E-05
      0.119E+02      0.472E-05     -0.432E-05
      0.119E+02      0.467E-05     -0.427E-05
      0.119E+02      0.461E-05     -0.423E-05
      0.119E+02      0.456E-05     -0.418E-05
      0.119E+02      0.451E-05     -0.413E-05
      0.119E+02      0.446E-05     -0.408E-05
      0.119E+02      0.441E-05     -0.404E-05
      0.119E+02      0.436E-05     -0.399E-05
      0.120E+02      0.431E-05     -0.395E-05
      0.120E+02      0.426E-05     -0.390E-05
      0.120E+02      0.421E-05     -0.386E-05
      0.120E+02      0.416E-05     -0.381E-05
      0.120E+02      0.411E-05     -0.377E-05
      0.120E+02      0.407E-05     -0.373E-05
      0.120E+02      0.402E-05     -0.369E-05
      0.120E+02      0.397E-05     -0.364E-05
      0.121E+02      0.393E-05     -0.360E-05
      0.121E+02      0.388E-05     -0.356E-05
      0.121E+02      0.384E-05     -0.352E-05
      0.121E+02      0.380E-05     -0.348E-05
      0.121E+02      0.375E-05     -0.344E-05
      0.121E+02      0.371E-05     -0.340E-05
      0.121E+02      0.367E-05     -0.337E-05
      0.121E+02      0.363E-05     -0.333E-05
      0.122E+02      0.358E-05     -0.329E-05
      0.122E+02      0.354E-05     -0.325E-05
      0.122E+02      0.350E-05     -0.322E-05
      0.122E+02      0.346E-05     -0.318E-05
      0.122E+02      0.342E-05     -0.314E-05
      0.122E+02      0.338E-05     -0.311E-05
      0.122E+02      0.335E-05     -0.307E-05
      0.122E+02      0.331E-05     -0.304E-05
      0.123E+02      0.327E-05     -0.300E-05
      0.123E+02      0.323E-05     -0.297E-05
      0.123E+02      0.320E-05     -0.294E-05
      0.123E+02      0.316E-05     -0.290E-05
      0.123E+02      0.312E-05     -0.287E-05
      0.123E+02      0.309E-05     -0.284E-05
      0.123E+02      0.305E-05     -0.280E-05
      0.123E+02      0.302E-05     -0.277E-05
      0.124E+02      0.298E-05     -0.274E-05
      0.124E+02      0.295E-05     -0.271E-05
      0.124E+02      0.291E-05     -0.268E-05
      0.124E+02      0.288E-05     -0.265E-05
      0.124E+02      0.285E-05     -0.262E-05
      0.124E+02      0.282E-05     -0.259E-05
      0.124E+02      0.278E-05     -0.256E-05
      0.124E+02      0.275E-05     -0.253E-05
      0.125E+02      0.272E-05     -0.250E-05
      0.125E+02      0.269E-05     -0.247E-05
      0.125E+02      0.266E-05     -0.245E-05
      0.125E+02      0.263E-05     -0.242E-05
      0.125E+02      0.260E-05     -0.239E-05
      0.125E+02      0.257E-05     -0.236E-05
      0.125E+02      0.254E-05     -0.234E-05
      0.125E+02      0.251E-05     -0.231E-05
      0.126E+02      0.248E-05     -0.228E-05
      0.126E+02      0.245E-05     -0.226E-05
      0.126E+02      0.242E-05     -0.223E-05
      0.126E+02      0.240E-05     -0.221E-05
      0.126E+02      0.237E-05     -0.218E-05
      0.126E+02      0.234E-05     -0.216E-05
      0.126E+02      0.232E-05     -0.213E-05
      0.126E+02      0.229E-05     -0.211E-05
      0.127E+02      0.226E-05     -0.208E-05
      0.127E+02      0.224E-05     -0.206E-05
      0.127E+02      0.221E-05     -0.204E-05
      0.127E+02      0.219E-05     -0.201E-05
      0.127E+02      0.216E-05     -0.199E-05
      0.127E+02      0.214E-05     -0.197E-05
      0.127E+02      0.211E-05     -0.195E-05
      0.127E+02      0.209E-05     -0.192E-05
      0.128E+02      0.206E-05     -0.190E-05
      0.128E+02      0.204E-05     -0.188E-05
      0.128E+02      0.202E-05     -0.186E-05
      0.128E+02      0.199E-05     -0.184E-05
      0.128E+02      0.197E-05     -0.182E-05
      0.128E+02      0.195E-05     -0.180E-05
      0.128E+02      0.193E-05     -0.178E-05
      0.128E+02      0.190E-05     -0.175E-05
      0.129E+02      0.188E-05     -0.173E-05
      0.129E+02      0.186E-05     -0.172E-05
      0.129E+02      0.184E-05     -0.170E-05
      0.129E+02      0.182E-05     -0.168E-05
      0.129E+02      0.180E-05     -0.166E-05
      0.129E+02      0.178E-05     -0.164E-05
      0.129E+02      0.176E-05     -0.162E-05
      0.129E+02      0.174E-05     -0.160E-05
      0.130E+02      0.172E-05     -0.158E-05
      0.130E+02      0.170E-05     -0.156E-05
      0.130E+02      0.168E-05     -0.155E-05
      0.130E+02      0.166E-05     -0.153E-05
      0.130E+02      0.164E-05     -0.151E-05
      0.130E+02      0.162E-05     -0.149E-05
      0.130E+02      0.160E-05     -0.148E-05
      0.130E+02      0.158E-05     -0.146E-05
      0.131E+02      0.156E-05     -0.144E-05
      0.131E+02      0.155E-05     -0.143E-05
      0.131E+02      0.153E-05     -0.141E-05
      0.131E+02      0.151E-05     -0.140E-05
      0.131E+02      0.149E-05     -0.138E-05
      0.131E+02      0.148E-05     -0.136E-05
      0.131E+02      0.146E-05     -0.135E-05
      0.131E+02      0.144E-05     -0.133E-05
      0.132E+02      0.143E-05     -0.132E-05
      0.132E+02      0.141E-05     -0.130E-05
      0.132E+02      0.139E-05     -0.129E-05
      0.132E+02      0.138E-05     -0.127E-05
      0.132E+02      0.136E-05     -0.126E-05
      0.132E+02      0.135E-05     -0.124E-05
      0.132E+02      0.133E-05     -0.123E-05
      0.132E+02      0.131E-05     -0.122E-05
      0.133E+02      0.130E-05     -0.120E-05
      0.133E+02      0.128E-05     -0.119E-05
      0.133E+02      0.127E-05     -0.117E-05
      0.133E+02      0.126E-05     -0.116E-05
      0.133E+02      0.124E-05     -0.115E-05
      0.133E+02      0.123E-05     -0.113E-05
      0.133E+02      0.121E-05     -0.112E-05
      0.133E+02      0.120E-05     -0.111E-05
      0.134E+02      0.118E-05     -0.110E-05
      0.134E+02      0.117E-05     -0.108E-05
      0.134E+02      0.116E-05     -0.107E-05
      0.134E+02      0.114E-05     -0.106E-05
      0.134E+02      0.113E-05     -0.105E-05
      0.134E+02      0.112E-05     -0.103E-05
      0.134E+02      0.111E-05     -0.102E-05
      0.134E+02      0.109E-05     -0.101E-05
      0.135E+02      0.108E-05     -0.100E-05
      0.135E+02      0.107E-05     -0.988E-06
      0.135E+02      0.106E-05     -0.977E-06
      0.135E+02      0.104E-05     -0.966E-06
      0.135E+02      0.103E-05     -0.955E-06
      0.135E+02      0.102E-05     -0.944E-06
      0.135E+02      0.101E-05     -0.933E-06
      0.135E+02      0.996E-06     -0.922E-06
      0.136E+02      0.984E-06     -0.912E-06
      0.136E+02      0.973E-06     -0.901E-06
      0.136E+02      0.962E-06     -0.891E-06
      0.136E+02      0.951E-06     -0.881E-06
      0.136E+02      0.940E-06     -0.871E-06
      0.136E+02      0.929E-06     -0.861E-06
      0.136E+02      0.918E-06     -0.851E-06
      0.136E+02      0.908E-06     -0.841E-06
      0.137E+02      0.897E-06     -0.831E-06
      0.137E+02      0.887E-06     -0.822E-06
      0.137E+02      0.877E-06     -0.813E-06
      0.137E+02      0.866E-06     -0.803E-06
      0.137E+02      0.857E-06     -0.794E-06
      0.137E+02      0.847E-06     -0.785E-06
      0.137E+02      0.837E-06     -0.776E-06
      0.137E+02      0.827E-06     -0.767E-06
      0.138E+02      0.818E-06     -0.758E-06
      0.138E+02      0.808E-06     -0.750E-06
      0.138E+02      0.799E-06     -0.741E-06
      0.138E+02      0.790E-06     -0.732E-06
      0.138E+02      0.781E-06     -0.724E-06
      0.138E+02      0.772E-06     -0.716E-06
      0.138E+02      0.763E-06     -0.708E-06
      0.138E+02      0.754E-06     -0.699E-06
      0.139E+02      0.745E-06     -0.691E-06
      0.139E+02      0.737E-06     -0.683E-06
      0.139E+02      0.728E-06     -0.676E-06
      0.139E+02      0.720E-06     -0.668E-06
      0.139E+02      0.711E-06     -0.660E-06
      0.139E+02      0.703E-06     -0.653E-06
      0.139E+02      0.695E-06     -0.645E-06
      0.139E+02      0.687E-06     -0.638E-06
      0.140E+02      0.679E-06     -0.630E-06
      0.140E+02      0.671E-06     -0.623E-06
      0.140E+02      0.663E-06     -0.616E-06
      0.140E+02      0.656E-06     -0.609E-06
      0.140E+02      0.648E-06     -0.602E-06
      0.140E+02      0.641E-06     -0.595E-06
      0.140E+02      0.633E-06     -0.588E-06
      0.140E+02      0.626E-06     -0.581E-06
      0.141E+02      0.619E-06     -0.575E-06
      0.141E+02      0.612E-06     -0.568E-06
      0.141E+02      0.605E-06     -0.562E-06
      0.141E+02      0.598E-06     -0.555E-06
      0.141E+02      0.591E-06     -0.549E-06
      0.141E+02      0.584E-06     -0.542E-06
      0.141E+02      0.577E-06     -0.536E-06
      0.141E+02      0.570E-06     -0.530E-06
      0.142E+02      0.564E-06     -0.524E-06
      0.142E+02      0.557E-06     -0.518E-06
      0.142E+02      0.551E-06     -0.512E-06
      0.142E+02      0.544E-06     -0.506E-06
      0.142E+02      0.538E-06     -0.500E-06
      0.142E+02      0.532E-06     -0.495E-06
      0.142E+02      0.526E-06     -0.489E-06
      0.142E+02      0.520E-06     -0.483E-06
      0.143E+02      0.514E-06     -0.478E-06
      0.143E+02      0.508E-06     -0.472E-06
      0.143E+02      0.502E-06     -0.467E-06
      0.143E+02      0.496E-06     -0.461E-06
      0.143E+02      0.490E-06     -0.456E-06
      0.143E+02      0.485E-06     -0.451E-06
      0.143E+02      0.479E-06     -0.446E-06
      0.143E+02      0.474E-06     -0.440E-06
      0.144E+02      0.468E-06     -0.435E-06
      0.144E+02      0.463E-06     -0.430E-06
      0.144E+02      0.457E-06     -0.425E-06
      0.144E+02      0.452E-06     -0.421E-06
      0.144E+02      0.447E-06     -0.416E-06
      0.144E+02      0.442E-06     -0.411E-06
      0.144E+02      0.436E-06     -0.406E-06
      0.144E+02      0.431E-06     -0.402E-06
      0.145E+02      0.426E-06     -0.397E-06
      0.145E+02      0.421E-06     -0.392E-06
      0.145E+02      0.417E-06     -0.388E-06
      0.145E+02      0.412E-06     -0.383E-06
      0.145E+02      0.407E-06     -0.379E-06
      0.145E+02      0.402E-06     -0.375E-06
      0.145E+02      0.398E-06     -0.370E-06
      0.145E+02      0.393E-06     -0.366E-06
      0.146E+02      0.388E-06     -0.362E-06
      0.146E+02      0.384E-06     -0.358E-06
      0.146E+02      0.379E-06     -0.353E-06
      0.146E+02      0.375E-06     -0.349E-06
      0.146E+02      0.371E-06     -0.345E-06
      0.146E+02      0.366E-06     -0.341E-06
      0.146E+02      0.362E-06     -0.337E-06
      0.146E+02      0.358E-06     -0.334E-06
      0.147E+02      0.354E-06     -0.330E-06
      0.147E+02      0.350E-06     -0.326E-06
      0.147E+02      0.346E-06     -0.322E-06
      0.147E+02      0.342E-06     -0.318E-06
      0.147E+02      0.338E-06     -0.315E-06
      0.147E+02      0.334E-06     -0.311E-06
      0.147E+02      0.330E-06     -0.308E-06
      0.147E+02      0.326E-06     -0.304E-06
      0.148E+02      0.322E-06     -0.300E-06
      0.148E+02      0.319E-06     -0.297E-06
      0.148E+02      0.315E-06     -0.294E-06
      0.148E+02      0.311E-06     -0.290E-06
      0.148E+02      0.308E-06     -0.287E-06
      0.148E+02      0.304E-06     -0.284E-06
      0.148E+02      0.301E-06     -0.280E-06
      0.148E+02      0.297E-06     -0.277E-06
      0.149E+02      0.294E-06     -0.274E-06
      0.149E+02      0.290E-06     -0.271E-06
      0.149E+02      0.287E-06     -0.268E-06
      0.149E+02      0.283E-06     -0.264E-06
      0.149E+02      0.280E-06     -0.261E-06
      0.149E+02      0.277E-06     -0.258E-06
      0.149E+02      0.274E-06     -0.255E-06
      0.149E+02      0.271E-06     -0.252E-06
      0.150E+02      0.267E-06     -0.250E-06
      0.150E+02      0.264E-06     -0.247E-06
      0.150E+02      0.261E-06     -0.244E-06
      0.150E+02      0.258E-06     -0.241E-06
      0.150E+02      0.255E-06     -0.238E-06
      0.150E+02      0.252E-06     -0.235E-06
      0.150E+02      0.249E-06     -0.233E-06
      0.150E+02      0.246E-06     -0.230E-06
      0.151E+02      0.244E-06     -0.227E-06
      0.151E+02      0.241E-06     -0.225E-06
      0.151E+02      0.238E-06     -0.222E-06
      0.151E+02      0.235E-06     -0.220E-06
      0.151E+02      0.232E-06     -0.217E-06
      0.151E+02      0.230E-06     -0.215E-06
      0.151E+02      0.227E-06     -0.212E-06
      0.151E+02      0.224E-06     -0.210E-06
      0.152E+02      0.222E-06     -0.207E-06
      0.152E+02      0.219E-06     -0.205E-06
      0.152E+02      0.217E-06     -0.202E-06
      0.152E+02      0.214E-06     -0.200E-06
      0.152E+02      0.212E-06     -0.198E-06
      0.152E+02      0.209E-06     -0.196E-06
      0.152E+02      0.207E-06     -0.193E-06
      0.152E+02      0.204E-06     -0.191E-06
      0.153E+02      0.202E-06     -0.189E-06
      0.153E+02      0.200E-06     -0.187E-06
      0.153E+02      0.197E-06     -0.184E-06
      0.153E+02      0.195E-06     -0.182E-06
      0.153E+02      0.193E-06     -0.180E-06
      0.153E+02      0.191E-06     -0.178E-06
      0.153E+02      0.188E-06     -0.176E-06
      0.153E+02      0.186E-06     -0.174E-06
      0.154E+02      0.184E-06     -0.172E-06
      0.154E+02      0.182E-06     -0.170E-06
      0.154E+02      0.180E-06     -0.168E-06
      0.154E+02      0.178E-06     -0.166E-06
      0.154E+02      0.176E-06     -0.164E-06
      0.154E+02      0.174E-06     -0.162E-06
      0.154E+02      0.171E-06     -0.160E-06
      0.154E+02      0.169E-06     -0.159E-06
      0.155E+02      0.168E-06     -0.157E-06
      0.155E+02      0.166E-06     -0.155E-06
      0.155E+02      0.164E-06     -0.153E-06
      0.155E+02      0.162E-06     -0.151E-06
      0.155E+02      0.160E-06     -0.150E-06
      0.155E+02      0.158E-06     -0.148E-06
      0.155E+02      0.156E-06     -0.146E-06
      0.155E+02      0.154E-06     -0.144E-06
      0.156E+02      0.153E-06     -0.143E-06
      0.156E+02      0.151E-06     -0.141E-06
      0.156E+02      0.149E-06     -0.139E-06
      0.156E+02      0.147E-06     -0.138E-06
      0.156E+02      0.146E-06     -0.136E-06
      0.156E+02      0.144E-06     -0.135E-06
      0.156E+02      0.142E-06     -0.133E-06
      0.156E+02      0.141E-06     -0.132E-06
      0.157E+02      0.139E-06     -0.130E-06
      0.157E+02      0.137E-06     -0.129E-06
      0.157E+02      0.136E-06     -0.127E-06
      0.157E+02      0.134E-06     -0.126E-06
      0.157E+02      0.133E-06     -0.124E-06
      0.157E+02      0.131E-06     -0.123E-06
      0.157E+02      0.129E-06     -0.121E-06
      0.157E+02      0.128E-06     -0.120E-06
      0.158E+02      0.126E-06     -0.118E-06
      0.158E+02      0.125E-06     -0.117E-06
      0.158E+02      0.124E-06     -0.116E-06
      0.158E+02      0.122E-06     -0.114E-06
      0.158E+02      0.121E-06     -0.113E-06
      0.158E+02      0.119E-06     -0.112E-06
      0.158E+02      0.118E-06     -0.110E-06
      0.158E+02      0.116E-06     -0.109E-06
      0.159E+02      0.115E-06     -0.108E-06
      0.159E+02      0.114E-06     -0.107E-06
      0.159E+02      0.112E-06     -0.105E-06
      0.159E+02      0.111E-06     -0.104E-06
      0.159E+02      0.110E-06     -0.103E-06
      0.159E+02      0.109E-06     -0.102E-06
      0.159E+02      0.107E-06     -0.101E-06
      0.159E+02      0.106E-06     -0.995E-07
      0.160E+02      0.105E-06     -0.983E-07
      0.160E+02      0.104E-06     -0.972E-07
      0.160E+02      0.102E-06     -0.960E-07
      0.160E+02      0.101E-06     -0.949E-07
      0.160E+02      0.100E-06     -0.938E-07
      0.160E+02      0.988E-07     -0.927E-07
      0.160E+02      0.977E-07     -0.917E-07
      0.160E+02      0.966E-07     -0.906E-07
      0.161E+02      0.954E-07     -0.895E-07
      0.161E+02      0.943E-07     -0.885E-07
      0.161E+02      0.932E-07     -0.875E-07
      0.161E+02      0.921E-07     -0.865E-07
      0.161E+02      0.910E-07     -0.855E-07
      0.161E+02      0.900E-07     -0.845E-07
      0.161E+02      0.889E-07     -0.835E-07
      0.161E+02      0.879E-07     -0.825E-07
      0.162E+02      0.869E-07     -0.816E-07
      0.162E+02      0.859E-07     -0.806E-07
      0.162E+02      0.848E-07     -0.797E-07
      0.162E+02      0.839E-07     -0.787E-07
      0.162E+02      0.829E-07     -0.778E-07
      0.162E+02      0.819E-07     -0.769E-07
      0.162E+02      0.810E-07     -0.760E-07
      0.162E+02      0.800E-07     -0.752E-07
      0.163E+02      0.791E-07     -0.743E-07
      0.163E+02      0.781E-07     -0.734E-07
      0.163E+02      0.772E-07     -0.726E-07
      0.163E+02      0.763E-07     -0.717E-07
      0.163E+02      0.754E-07     -0.709E-07
      0.163E+02      0.746E-07     -0.701E-07
      0.163E+02      0.737E-07     -0.692E-07
      0.163E+02      0.728E-07     -0.684E-07
      0.164E+02      0.720E-07     -0.676E-07
      0.164E+02      0.711E-07     -0.669E-07
      0.164E+02      0.703E-07     -0.661E-07
      0.164E+02      0.695E-07     -0.653E-07
      0.164E+02      0.687E-07     -0.646E-07
      0.164E+02      0.679E-07     -0.638E-07
      0.164E+02      0.671E-07     -0.631E-07
      0.164E+02      0.663E-07     -0.623E-07
      0.165E+02      0.655E-07     -0.616E-07
      0.165E+02      0.647E-07     -0.609E-07
      0.165E+02      0.640E-07     -0.602E-07
      0.165E+02      0.632E-07     -0.595E-07
      0.165E+02      0.625E-07     -0.588E-07
      0.165E+02      0.618E-07     -0.581E-07
      0.165E+02      0.610E-07     -0.574E-07
      0.165E+02      0.603E-07     -0.568E-07
      0.166E+02      0.596E-07     -0.561E-07
      0.166E+02      0.589E-07     -0.555E-07
      0.166E+02      0.582E-07     -0.548E-07
      0.166E+02      0.575E-07     -0.542E-07
      0.166E+02      0.569E-07     -0.535E-07
      0.166E+02      0.562E-07     -0.529E-07
      0.166E+02      0.555E-07     -0.523E-07
      0.166E+02      0.549E-07     -0.517E-07
      0.167E+02      0.543E-07     -0.511E-07
      0.167E+02      0.536E-07     -0.505E-07
      0.167E+02      0.530E-07     -0.499E-07
      0.167E+02      0.524E-07     -0.493E-07
      0.167E+02      0.518E-07     -0.488E-07
      0.167E+02      0.512E-07     -0.482E-07
      0.167E+02      0.506E-07     -0.476E-07
      0.167E+02      0.500E-07     -0.471E-07
      0.168E+02      0.494E-07     -0.465E-07
      0.168E+02      0.488E-07     -0.460E-07
      0.168E+02      0.482E-07     -0.455E-07
      0.168E+02      0.477E-07     -0.449E-07
      0.168E+02      0.471E-07     -0.444E-07
      0.168E+02      0.465E-07     -0.439E-07
      0.168E+02      0.460E-07     -0.434E-07
      0.168E+02      0.455E-07     -0.429E-07
      0.169E+02      0.449E-07     -0.424E-07
      0.169E+02      0.444E-07     -0.419E-07
      0.169E+02      0.439E-07     -0.414E-07
      0.169E+02      0.434E-07     -0.409E-07
      0.169E+02      0.429E-07     -0.404E-07
      0.169E+02      0.423E-07     -0.400E-07
      0.169E+02      0.419E-07     -0.395E-07
      0.169E+02      0.414E-07     -0.391E-07
      0.170E+02      0.409E-07     -0.386E-07
      0.170E+02      0.404E-07     -0.382E-07
      0.170E+02      0.399E-07     -0.377E-07
      0.170E+02      0.394E-07     -0.373E-07
      0.170E+02      0.390E-07     -0.368E-07
      0.170E+02      0.385E-07     -0.364E-07
      0.170E+02      0.381E-07     -0.360E-07
      0.170E+02      0.376E-07     -0.356E-07
      0.171E+02      0.372E-07     -0.352E-07
      0.171E+02      0.367E-07     -0.347E-07
      0.171E+02      0.363E-07     -0.343E-07
      0.171E+02      0.359E-07     -0.339E-07
      0.171E+02      0.355E-07     -0.335E-07
      0.171E+02      0.350E-07     -0.332E-07
      0.171E+02      0.346E-07     -0.328E-07
      0.171E+02      0.342E-07     -0.324E-07
      0.172E+02      0.338E-07     -0.320E-07
      0.172E+02      0.334E-07     -0.316E-07
      0.172E+02      0.330E-07     -0.313E-07
      0.172E+02      0.326E-07     -0.309E-07
      0.172E+02      0.323E-07     -0.306E-07
      0.172E+02      0.319E-07     -0.302E-07
      0.172E+02      0.315E-07     -0.299E-07
      0.172E+02      0.311E-07     -0.295E-07
      0.173E+02      0.308E-07     -0.292E-07
      0.173E+02      0.304E-07     -0.288E-07
      0.173E+02      0.300E-07     -0.285E-07
      0.173E+02      0.297E-07     -0.282E-07
      0.173E+02      0.293E-07     -0.278E-07
      0.173E+02      0.290E-07     -0.275E-07
      0.173E+02      0.286E-07     -0.272E-07
      0.173E+02      0.283E-07     -0.269E-07
      0.174E+02      0.280E-07     -0.266E-07
      0.174E+02      0.276E-07     -0.263E-07
      0.174E+02      0.273E-07     -0.260E-07
      0.174E+02      0.270E-07     -0.257E-07
      0.174E+02      0.267E-07     -0.254E-07
      0.174E+02      0.264E-07     -0.251E-07
      0.174E+02      0.261E-07     -0.248E-07
      0.174E+02      0.257E-07     -0.245E-07
      0.175E+02      0.254E-07     -0.242E-07
      0.175E+02      0.251E-07     -0.239E-07
      0.175E+02      0.248E-07     -0.236E-07
      0.175E+02      0.245E-07     -0.234E-07
      0.175E+02      0.243E-07     -0.231E-07
      0.175E+02      0.240E-07     -0.228E-07
      0.175E+02      0.237E-07     -0.226E-07
      0.175E+02      0.234E-07     -0.223E-07
      0.176E+02      0.231E-07     -0.220E-07
      0.176E+02      0.229E-07     -0.218E-07
      0.176E+02      0.226E-07     -0.215E-07
      0.176E+02      0.223E-07     -0.213E-07
      0.176E+02      0.220E-07     -0.210E-07
      0.176E+02      0.218E-07     -0.208E-07
      0.176E+02      0.215E-07     -0.206E-07
      0.176E+02      0.213E-07     -0.203E-07
      0.177E+02      0.210E-07     -0.201E-07
      0.177E+02      0.208E-07     -0.199E-07
      0.177E+02      0.205E-07     -0.196E-07
      0.177E+02      0.203E-07     -0.194E-07
      0.177E+02      0.200E-07     -0.192E-07
      0.177E+02      0.198E-07     -0.190E-07
      0.177E+02      0.196E-07     -0.187E-07
      0.177E+02      0.193E-07     -0.185E-07
      0.178E+02      0.191E-07     -0.183E-07
      0.178E+02      0.189E-07     -0.181E-07
      0.178E+02      0.186E-07     -0.179E-07
      0.178E+02      0.184E-07     -0.177E-07
      0.178E+02      0.182E-07     -0.175E-07
      0.178E+02      0.180E-07     -0.173E-07
      0.178E+02      0.178E-07     -0.171E-07
      0.178E+02      0.176E-07     -0.169E-07
      0.179E+02      0.173E-07     -0.167E-07
      0.179E+02      0.171E-07     -0.165E-07
      0.179E+02      0.169E-07     -0.163E-07
      0.179E+02      0.167E-07     -0.161E-07
      0.179E+02      0.165E-07     -0.159E-07
      0.179E+02      0.163E-07     -0.158E-07
      0.179E+02      0.161E-07     -0.156E-07
      0.179E+02      0.159E-07     -0.154E-07
      0.180E+02      0.157E-07     -0.152E-07
      0.180E+02      0.156E-07     -0.150E-07
      0.180E+02      0.154E-07     -0.149E-07
      0.180E+02      0.152E-07     -0.147E-07
      0.180E+02      0.150E-07     -0.145E-07
      0.180E+02      0.148E-07     -0.144E-07
      0.180E+02      0.146E-07     -0.142E-07
      0.180E+02      0.145E-07     -0.140E-07
      0.181E+02      0.143E-07     -0.139E-07
      0.181E+02      0.141E-07     -0.137E-07
      0.181E+02      0.139E-07     -0.136E-07
      0.181E+02      0.138E-07     -0.134E-07
      0.181E+02      0.136E-07     -0.133E-07
      0.181E+02      0.134E-07     -0.131E-07
      0.181E+02      0.133E-07     -0.130E-07
      0.181E+02      0.131E-07     -0.128E-07
      0.182E+02      0.130E-07     -0.127E-07
      0.182E+02      0.128E-07     -0.125E-07
      0.182E+02      0.127E-07     -0.124E-07
      0.182E+02      0.125E-07     -0.122E-07
      0.182E+02      0.123E-07     -0.121E-07
      0.182E+02      0.122E-07     -0.120E-07
      0.182E+02      0.120E-07     -0.118E-07
      0.182E+02      0.119E-07     -0.117E-07
      0.183E+02      0.118E-07     -0.116E-07
      0.183E+02      0.116E-07     -0.114E-07
      0.183E+02      0.115E-07     -0.113E-07
      0.183E+02      0.113E-07     -0.112E-07
      0.183E+02      0.112E-07     -0.111E-07
      0.183E+02      0.110E-07     -0.109E-07
      0.183E+02      0.109E-07     -0.108E-07
      0.183E+02      0.108E-07     -0.107E-07
      0.184E+02      0.106E-07     -0.106E-07
      0.184E+02      0.105E-07     -0.105E-07
      0.184E+02      0.104E-07     -0.103E-07
      0.184E+02      0.103E-07     -0.102E-07
      0.184E+02      0.101E-07     -0.101E-07
      0.184E+02      0.100E-07     -0.100E-07
